New Experiment - Num episodes: 500
iteration, action, basal, carb, reward
0, 8, 1.3, 30, 48.5
1, 7, 1.3, 35, 54.5
2, 5, 1.6, 35, -5.5
3, 4, 1.6, 35, -5.5
4, 8, 1.9000000000000001, 40, -91.5
5, 5, 2.2, 40, -179.5
6, 1, 2.2, 35, -181.5
7, 1, 2.2, 30, -189.5
8, 5, 2.5, 30, -304.5
9, 2, 2.8, 25, -294.0
10, 0, 2.5, 20, -339.0
11, 5, 2.8, 20, -295.5
12, 7, 2.8, 25, -294.0
13, 7, 2.8, 30, -288.0
14, 7, 2.8, 35, -269.0
15, 6, 2.5, 40, -291.5
16, 6, 2.2, 45, -167.5
17, 8, 2.5, 50, -285.0
18, 8, 2.8, 50, -244.0
19, 5, 3.0999999999999996, 50, -367.5
20, 7, 3.0999999999999996, 50, -367.5
21, 0, 2.8, 45, -250.0
22, 8, 3.0999999999999996, 50, -367.5
23, 4, 3.0999999999999996, 50, -367.5
24, 1, 3.0999999999999996, 45, -371.5
25, 7, 3.0999999999999996, 50, -367.5
26, 1, 3.0999999999999996, 45, -371.5
27, 4, 3.0999999999999996, 45, -371.5
28, 1, 3.0999999999999996, 40, -379.0
29, 2, 3.3999999999999995, 35, -375.0
30, 3, 3.0999999999999996, 35, -338.5
31, 5, 3.3999999999999995, 35, -375.0
32, 4, 3.3999999999999995, 35, -375.0
33, 0, 3.0999999999999996, 30, -351.0
34, 1, 3.0999999999999996, 25, -370.5
35, 4, 3.0999999999999996, 25, -370.5
36, 8, 3.3999999999999995, 30, -376.5
37, 3, 3.0999999999999996, 30, -351.0
38, 2, 3.3999999999999995, 25, -393.0
39, 2, 3.6999999999999993, 20, -419.5
40, 8, 3.999999999999999, 25, -429.0
41, 3, 3.6999999999999993, 25, -415.5
42, 8, 3.999999999999999, 30, -426.0
43, 3, 3.6999999999999993, 30, -425.5
44, 3, 3.3999999999999995, 30, -376.5
45, 8, 3.6999999999999993, 35, -420.0
46, 7, 3.6999999999999993, 40, -416.5
47, 3, 3.3999999999999995, 40, -404.0
48, 3, 3.0999999999999996, 40, -379.0
49, 1, 3.0999999999999996, 35, -338.5
50, 4, 3.0999999999999996, 35, -338.5
51, 5, 3.3999999999999995, 35, -375.0
52, 5, 3.6999999999999993, 35, -420.0
53, 5, 3.999999999999999, 35, -422.5
54, 7, 3.999999999999999, 40, -420.5
55, 0, 3.6999999999999993, 35, -420.0
56, 1, 3.6999999999999993, 30, -425.5
57, 7, 3.6999999999999993, 35, -420.0
58, 3, 3.3999999999999995, 35, -375.0
59, 8, 3.6999999999999993, 40, -416.5
60, 8, 3.999999999999999, 45, -418.5
61, 1, 3.999999999999999, 40, -420.5
62, 2, 4.299999999999999, 35, -460.5
63, 1, 4.299999999999999, 30, -463.5
64, 6, 3.999999999999999, 35, -422.5
65, 3, 3.6999999999999993, 35, -420.0
66, 7, 3.6999999999999993, 40, -416.5
67, 3, 3.3999999999999995, 40, -404.0
68, 6, 3.0999999999999996, 45, -371.5
69, 1, 3.0999999999999996, 40, -379.0
70, 8, 3.3999999999999995, 45, -411.5
71, 5, 3.6999999999999993, 45, -412.5
72, 3, 3.3999999999999995, 45, -411.5
73, 4, 3.3999999999999995, 45, -411.5
74, 8, 3.6999999999999993, 50, -406.5
75, 2, 3.999999999999999, 45, -418.5
76, 8, 4.299999999999999, 50, -455.0
77, 6, 3.999999999999999, 50, -417.0
78, 1, 3.999999999999999, 45, -418.5
79, 4, 3.999999999999999, 45, -418.5
80, 5, 4.299999999999999, 45, -456.5
81, 1, 4.299999999999999, 40, -457.0
82, 1, 4.299999999999999, 35, -460.5
83, 2, 4.599999999999999, 30, -507.0
84, 4, 4.599999999999999, 30, -507.0
85, 4, 4.599999999999999, 30, -507.0
86, 4, 4.599999999999999, 30, -507.0
87, 1, 4.599999999999999, 25, -510.5
88, 7, 4.599999999999999, 30, -507.0
89, 4, 4.599999999999999, 30, -507.0
90, 7, 4.599999999999999, 35, -503.0
91, 0, 4.299999999999999, 30, -463.5
92, 8, 4.599999999999999, 35, -503.0
93, 7, 4.599999999999999, 40, -501.5
94, 5, 4.899999999999999, 40, -526.0
95, 0, 4.599999999999999, 35, -503.0
96, 4, 4.599999999999999, 35, -503.0
97, 6, 4.299999999999999, 40, -457.0
98, 2, 4.599999999999999, 35, -503.0
99, 4, 4.599999999999999, 35, -503.0
100, 2, 4.899999999999999, 30, -527.0
101, 5, 5, 30, -529.5
102, 0, 4.7, 25, -518.5
103, 0, 4.4, 20, -490.5
104, 8, 4.7, 25, -518.5
105, 1, 4.7, 20, -519.5
106, 4, 4.7, 20, -519.5
107, 2, 5, 15, -529.5
108, 2, 5, 10, -529.5
109, 1, 5, 5, -529.5
110, 1, 5, 5, -529.5
111, 2, 5, 5, -529.5
112, 2, 5, 5, -529.5
113, 4, 5, 5, -529.5
114, 2, 5, 5, -529.5
115, 4, 5, 5, -529.5
116, 6, 4.7, 10, -525.0
117, 7, 4.7, 15, -521.5
118, 8, 5, 20, -529.5
119, 5, 5, 20, -529.5
120, 5, 5, 20, -529.5
121, 5, 5, 20, -529.5
122, 7, 5, 25, -529.5
123, 5, 5, 25, -529.5
124, 6, 4.7, 30, -515.0
125, 5, 5, 30, -529.5
126, 5, 5, 30, -529.5
127, 4, 5, 30, -529.5
128, 5, 5, 30, -529.5
129, 7, 5, 35, -529.5
130, 5, 5, 35, -529.5
131, 6, 4.7, 40, -514.0
132, 4, 4.7, 40, -514.0
133, 8, 5, 45, -529.5
134, 8, 5, 50, -529.0
135, 8, 5, 50, -529.0
136, 6, 4.7, 50, -511.0
137, 8, 5, 50, -529.0
138, 8, 5, 50, -529.0
139, 1, 5, 45, -529.5
140, 8, 5, 50, -529.0
141, 0, 4.7, 45, -512.5
142, 1, 4.7, 40, -514.0
143, 6, 4.4, 45, -473.5
144, 8, 4.7, 50, -511.0
145, 5, 5, 50, -529.0
146, 8, 5, 50, -529.0
147, 5, 5, 50, -529.0
148, 5, 5, 50, -529.0
149, 5, 5, 50, -529.0
150, 8, 5, 50, -529.0
151, 8, 5, 50, -529.0
152, 8, 5, 50, -529.0
153, 2, 5, 45, -529.5
154, 8, 5, 50, -529.0
155, 5, 5, 50, -529.0
156, 5, 5, 50, -529.0
157, 4, 5, 50, -529.0
158, 2, 5, 45, -529.5
159, 6, 4.7, 50, -511.0
160, 2, 5, 45, -529.5
161, 2, 5, 40, -529.5
162, 2, 5, 35, -529.5
163, 6, 4.7, 40, -514.0
164, 5, 5, 40, -529.5
165, 5, 5, 40, -529.5
166, 6, 4.7, 45, -512.5
167, 5, 5, 45, -529.5
168, 5, 5, 45, -529.5
169, 8, 5, 50, -529.0
170, 7, 5, 50, -529.0
171, 8, 5, 50, -529.0
172, 8, 5, 50, -529.0
173, 1, 5, 45, -529.5
174, 5, 5, 45, -529.5
175, 1, 5, 40, -529.5
176, 2, 5, 35, -529.5
177, 7, 5, 40, -529.5
178, 1, 5, 35, -529.5
179, 5, 5, 35, -529.5
180, 5, 5, 35, -529.5
181, 5, 5, 35, -529.5
182, 5, 5, 35, -529.5
183, 8, 5, 40, -529.5
184, 0, 4.7, 35, -514.0
185, 6, 4.4, 40, -474.0
186, 5, 4.7, 40, -514.0
187, 8, 5, 45, -529.5
188, 3, 4.7, 45, -512.5
189, 4, 4.7, 45, -512.5
190, 8, 5, 50, -529.0
191, 1, 5, 45, -529.5
192, 5, 5, 45, -529.5
193, 6, 4.7, 50, -511.0
194, 5, 5, 50, -529.0
195, 1, 5, 45, -529.5
196, 4, 5, 45, -529.5
197, 8, 5, 50, -529.0
198, 2, 5, 45, -529.5
199, 2, 5, 40, -529.5
200, 2, 5, 35, -529.5
201, 8, 5, 40, -529.5
202, 7, 5, 45, -529.5
203, 8, 5, 50, -529.0
204, 2, 5, 45, -529.5
205, 1, 5, 40, -529.5
206, 8, 5, 45, -529.5
207, 8, 5, 50, -529.0
208, 7, 5, 50, -529.0
209, 3, 4.7, 50, -511.0
210, 2, 5, 45, -529.5
211, 8, 5, 50, -529.0
212, 2, 5, 45, -529.5
213, 2, 5, 40, -529.5
214, 8, 5, 45, -529.5
215, 2, 5, 40, -529.5
216, 2, 5, 35, -529.5
217, 8, 5, 40, -529.5
218, 0, 4.7, 35, -514.0
219, 5, 5, 35, -529.5
220, 5, 5, 35, -529.5
221, 5, 5, 35, -529.5
222, 8, 5, 40, -529.5
223, 4, 5, 40, -529.5
224, 6, 4.7, 45, -512.5
225, 5, 5, 45, -529.5
226, 2, 5, 40, -529.5
227, 5, 5, 40, -529.5
228, 5, 5, 40, -529.5
229, 2, 5, 35, -529.5
230, 8, 5, 40, -529.5
231, 6, 4.7, 45, -512.5
232, 8, 5, 50, -529.0
233, 1, 5, 45, -529.5
234, 1, 5, 40, -529.5
235, 2, 5, 35, -529.5
236, 5, 5, 35, -529.5
237, 8, 5, 40, -529.5
238, 0, 4.7, 35, -514.0
239, 8, 5, 40, -529.5
240, 8, 5, 45, -529.5
241, 1, 5, 40, -529.5
242, 7, 5, 45, -529.5
243, 3, 4.7, 45, -512.5
244, 2, 5, 40, -529.5
245, 2, 5, 35, -529.5
246, 2, 5, 30, -529.5
247, 2, 5, 25, -529.5
248, 2, 5, 20, -529.5
249, 2, 5, 15, -529.5
250, 2, 5, 10, -529.5
251, 1, 5, 5, -529.5
252, 4, 5, 5, -529.5
253, 7, 5, 10, -529.5
254, 2, 5, 5, -529.5
255, 7, 5, 10, -529.5
256, 7, 5, 15, -529.5
257, 2, 5, 10, -529.5
258, 2, 5, 5, -529.5
259, 8, 5, 10, -529.5
260, 4, 5, 10, -529.5
261, 8, 5, 15, -529.5
262, 8, 5, 20, -529.5
263, 8, 5, 25, -529.5
264, 8, 5, 30, -529.5
265, 5, 5, 30, -529.5
266, 5, 5, 30, -529.5
267, 8, 5, 35, -529.5
268, 7, 5, 40, -529.5
269, 2, 5, 35, -529.5
270, 1, 5, 30, -529.5
271, 8, 5, 35, -529.5
272, 8, 5, 40, -529.5
273, 8, 5, 45, -529.5
274, 8, 5, 50, -529.0
275, 8, 5, 50, -529.0
276, 0, 4.7, 45, -512.5
277, 8, 5, 50, -529.0
278, 2, 5, 45, -529.5
279, 2, 5, 40, -529.5
280, 4, 5, 40, -529.5
281, 0, 4.7, 35, -514.0
282, 8, 5, 40, -529.5
283, 8, 5, 45, -529.5
284, 8, 5, 50, -529.0
285, 8, 5, 50, -529.0
286, 5, 5, 50, -529.0
287, 0, 4.7, 45, -512.5
288, 7, 4.7, 50, -511.0
289, 8, 5, 50, -529.0
290, 2, 5, 45, -529.5
291, 8, 5, 50, -529.0
292, 8, 5, 50, -529.0
293, 5, 5, 50, -529.0
294, 1, 5, 45, -529.5
295, 5, 5, 45, -529.5
296, 4, 5, 45, -529.5
297, 4, 5, 45, -529.5
298, 3, 4.7, 45, -512.5
299, 4, 4.7, 45, -512.5
300, 4, 4.7, 45, -512.5
301, 5, 5, 45, -529.5
302, 5, 5, 45, -529.5
303, 5, 5, 45, -529.5
304, 8, 5, 50, -529.0
305, 2, 5, 45, -529.5
306, 8, 5, 50, -529.0
307, 2, 5, 45, -529.5
308, 5, 5, 45, -529.5
309, 1, 5, 40, -529.5
310, 5, 5, 40, -529.5
311, 5, 5, 40, -529.5
312, 5, 5, 40, -529.5
313, 3, 4.7, 40, -514.0
314, 1, 4.7, 35, -514.0
315, 2, 5, 30, -529.5
316, 1, 5, 25, -529.5
317, 7, 5, 30, -529.5
318, 7, 5, 35, -529.5
319, 2, 5, 30, -529.5
320, 2, 5, 25, -529.5
321, 2, 5, 20, -529.5
322, 1, 5, 15, -529.5
323, 7, 5, 20, -529.5
324, 7, 5, 25, -529.5
325, 7, 5, 30, -529.5
326, 7, 5, 35, -529.5
327, 6, 4.7, 40, -514.0
328, 2, 5, 35, -529.5
329, 2, 5, 30, -529.5
330, 2, 5, 25, -529.5
331, 2, 5, 20, -529.5
332, 2, 5, 15, -529.5
333, 2, 5, 10, -529.5
334, 5, 5, 10, -529.5
335, 2, 5, 5, -529.5
336, 5, 5, 5, -529.5
337, 2, 5, 5, -529.5
338, 8, 5, 10, -529.5
339, 8, 5, 15, -529.5
340, 8, 5, 20, -529.5
341, 0, 4.7, 15, -521.5
342, 4, 4.7, 15, -521.5
343, 4, 4.7, 15, -521.5
344, 2, 5, 10, -529.5
345, 1, 5, 5, -529.5
346, 6, 4.7, 10, -525.0
347, 8, 5, 15, -529.5
348, 6, 4.7, 20, -519.5
349, 5, 5, 20, -529.5
350, 5, 5, 20, -529.5
351, 2, 5, 15, -529.5
352, 2, 5, 10, -529.5
353, 2, 5, 5, -529.5
354, 2, 5, 5, -529.5
355, 1, 5, 5, -529.5
356, 4, 5, 5, -529.5
357, 8, 5, 10, -529.5
358, 7, 5, 15, -529.5
359, 6, 4.7, 20, -519.5
360, 1, 4.7, 15, -521.5
361, 7, 4.7, 20, -519.5
362, 8, 5, 25, -529.5
363, 8, 5, 30, -529.5
364, 8, 5, 35, -529.5
365, 8, 5, 40, -529.5
366, 3, 4.7, 40, -514.0
367, 3, 4.4, 40, -474.0
368, 3, 4.1000000000000005, 40, -436.5
369, 2, 4.4, 35, -475.5
370, 4, 4.4, 35, -475.5
371, 8, 4.7, 40, -514.0
372, 5, 5, 40, -529.5
373, 8, 5, 45, -529.5
374, 1, 5, 40, -529.5
375, 2, 5, 35, -529.5
376, 2, 5, 30, -529.5
377, 8, 5, 35, -529.5
378, 3, 4.7, 35, -514.0
379, 2, 5, 30, -529.5
380, 2, 5, 25, -529.5
381, 2, 5, 20, -529.5
382, 3, 4.7, 20, -519.5
383, 4, 4.7, 20, -519.5
384, 2, 5, 15, -529.5
385, 3, 4.7, 15, -521.5
386, 2, 5, 10, -529.5
387, 2, 5, 5, -529.5
388, 2, 5, 5, -529.5
389, 2, 5, 5, -529.5
390, 5, 5, 5, -529.5
391, 5, 5, 5, -529.5
392, 5, 5, 5, -529.5
393, 5, 5, 5, -529.5
394, 2, 5, 5, -529.5
395, 2, 5, 5, -529.5
396, 2, 5, 5, -529.5
397, 1, 5, 5, -529.5
398, 8, 5, 10, -529.5
399, 6, 4.7, 15, -521.5
400, 8, 5, 20, -529.5
401, 6, 4.7, 25, -518.5
402, 2, 5, 20, -529.5
403, 2, 5, 15, -529.5
404, 5, 5, 15, -529.5
405, 8, 5, 20, -529.5
406, 5, 5, 20, -529.5
407, 5, 5, 20, -529.5
408, 5, 5, 20, -529.5
409, 8, 5, 25, -529.5
410, 8, 5, 30, -529.5
411, 2, 5, 25, -529.5
412, 7, 5, 30, -529.5
413, 5, 5, 30, -529.5
414, 5, 5, 30, -529.5
415, 5, 5, 30, -529.5
416, 2, 5, 25, -529.5
417, 5, 5, 25, -529.5
418, 5, 5, 25, -529.5
419, 5, 5, 25, -529.5
420, 2, 5, 20, -529.5
421, 5, 5, 20, -529.5
422, 5, 5, 20, -529.5
423, 5, 5, 20, -529.5
424, 2, 5, 15, -529.5
425, 2, 5, 10, -529.5
426, 1, 5, 5, -529.5
427, 2, 5, 5, -529.5
428, 3, 4.7, 5, -527.0
429, 3, 4.4, 5, -513.5
430, 3, 4.1000000000000005, 5, -482.5
431, 2, 4.4, 5, -513.5
432, 4, 4.4, 5, -513.5
433, 8, 4.7, 10, -525.0
434, 8, 5, 15, -529.5
435, 7, 5, 20, -529.5
436, 3, 4.7, 20, -519.5
437, 8, 5, 25, -529.5
438, 8, 5, 30, -529.5
439, 2, 5, 25, -529.5
440, 2, 5, 20, -529.5
441, 5, 5, 20, -529.5
442, 2, 5, 15, -529.5
443, 4, 5, 15, -529.5
444, 7, 5, 20, -529.5
445, 4, 5, 20, -529.5
446, 2, 5, 15, -529.5
447, 2, 5, 10, -529.5
448, 2, 5, 5, -529.5
449, 1, 5, 5, -529.5
450, 2, 5, 5, -529.5
451, 2, 5, 5, -529.5
452, 2, 5, 5, -529.5
453, 4, 5, 5, -529.5
454, 2, 5, 5, -529.5
455, 4, 5, 5, -529.5
456, 4, 5, 5, -529.5
457, 2, 5, 5, -529.5
458, 2, 5, 5, -529.5
459, 2, 5, 5, -529.5
460, 1, 5, 5, -529.5
461, 1, 5, 5, -529.5
462, 4, 5, 5, -529.5
463, 4, 5, 5, -529.5
464, 2, 5, 5, -529.5
465, 2, 5, 5, -529.5
466, 2, 5, 5, -529.5
467, 8, 5, 10, -529.5
468, 8, 5, 15, -529.5
469, 2, 5, 10, -529.5
470, 8, 5, 15, -529.5
471, 5, 5, 15, -529.5
472, 8, 5, 20, -529.5
473, 2, 5, 15, -529.5
474, 5, 5, 15, -529.5
475, 2, 5, 10, -529.5
476, 0, 4.7, 5, -527.0
477, 3, 4.4, 5, -513.5
478, 8, 4.7, 10, -525.0
479, 2, 5, 5, -529.5
480, 8, 5, 10, -529.5
481, 8, 5, 15, -529.5
482, 8, 5, 20, -529.5
483, 2, 5, 15, -529.5
484, 8, 5, 20, -529.5
485, 5, 5, 20, -529.5
486, 8, 5, 25, -529.5
487, 8, 5, 30, -529.5
488, 8, 5, 35, -529.5
489, 5, 5, 35, -529.5
490, 5, 5, 35, -529.5
491, 5, 5, 35, -529.5
492, 5, 5, 35, -529.5
493, 5, 5, 35, -529.5
494, 5, 5, 35, -529.5
495, 5, 5, 35, -529.5
496, 2, 5, 30, -529.5
497, 2, 5, 25, -529.5
498, 1, 5, 20, -529.5
499, 7, 5, 25, -529.5
