New Experiment - Num episodes: 150
iteration, action, basal, carb, reward
0, 5, 1.3, 25, 26.5
1, 0, 1.0, 20, 86.5
2, 6, 0.7, 25, -89.5
3, 3, 0.39999999999999997, 25, -183.1999969482422
4, 3, 0.09999999999999998, 25, -377.3999938964844
5, 2, 0.39999999999999997, 20, -171.0
6, 7, 0.39999999999999997, 25, -183.1999969482422
7, 7, 0.39999999999999997, 30, -185.1999969482422
8, 8, 0.7, 35, -89.5
9, 0, 0.39999999999999997, 30, -185.1999969482422
10, 1, 0.39999999999999997, 25, -183.1999969482422
11, 6, 0.09999999999999998, 30, -386.3999938964844
12, 6, 0.3, 35, -260.1000061035156
13, 4, 0.3, 35, -260.1000061035156
14, 1, 0.3, 30, -247.10000610351562
15, 5, 0.6, 30, -98.19999694824219
16, 8, 0.8999999999999999, 35, 39.20000076293945
17, 7, 0.8999999999999999, 40, 24.899999618530273
18, 1, 0.8999999999999999, 35, 39.20000076293945
19, 5, 1.2, 35, 64.5
20, 2, 1.5, 30, -21.5
21, 7, 1.5, 35, 0.5
22, 0, 1.2, 30, 44.20000076293945
23, 3, 0.8999999999999999, 30, 69.0999984741211
24, 0, 0.5999999999999999, 25, -96.0
25, 3, 0.2999999999999999, 25, -225.10000610351562
26, 4, 0.2999999999999999, 25, -225.10000610351562
27, 2, 0.5999999999999999, 20, -96.0
28, 3, 0.2999999999999999, 20, -198.10000610351562
29, 3, 0.3, 20, -198.10000610351562
30, 6, 0.3, 25, -225.10000610351562
31, 1, 0.3, 20, -198.10000610351562
32, 4, 0.3, 20, -198.10000610351562
33, 8, 0.6, 25, -96.0
34, 0, 0.3, 20, -198.10000610351562
35, 8, 0.6, 25, -96.0
36, 8, 0.8999999999999999, 30, 69.0999984741211
37, 1, 0.8999999999999999, 25, 89.9000015258789
38, 5, 1.2, 25, 60.5
39, 3, 0.8999999999999999, 25, 89.9000015258789
40, 7, 0.8999999999999999, 30, 69.0999984741211
41, 0, 0.5999999999999999, 25, -96.0
42, 2, 0.8999999999999999, 20, 144.5
43, 8, 1.2, 25, 60.5
44, 2, 1.5, 20, 14.5
45, 8, 1.8, 25, -65.5
46, 4, 1.8, 25, -65.5
47, 2, 2.1, 20, -173.5
48, 3, 1.8, 20, -55.5
49, 8, 2.1, 25, -179.5
50, 8, 2.4, 30, -302.0
51, 4, 2.4, 30, -302.0
52, 6, 2.1, 35, -131.5
53, 1, 2.1, 30, -153.5
54, 8, 2.4, 35, -294.0
55, 8, 2.6999999999999997, 40, -279.5
56, 8, 2.9999999999999996, 45, -349.0
57, 8, 3.2999999999999994, 50, -362.0
58, 6, 2.9999999999999996, 50, -342.5
59, 6, 2.6999999999999997, 50, -277.5
60, 4, 2.6999999999999997, 50, -277.5
61, 5, 2.9999999999999996, 50, -342.5
62, 5, 3.2999999999999994, 50, -362.0
63, 5, 3.599999999999999, 50, -390.5
64, 5, 3.899999999999999, 50, -396.5
65, 7, 3.899999999999999, 50, -396.5
66, 8, 4.199999999999999, 50, -433.0
67, 3, 3.8999999999999995, 50, -396.5
68, 8, 4.199999999999999, 50, -433.0
69, 8, 4.499999999999999, 50, -484.5
70, 8, 4.799999999999999, 50, -520.5
71, 5, 5, 50, -529.0
72, 5, 5, 50, -529.0
73, 2, 5, 45, -529.5
74, 2, 5, 40, -529.5
75, 1, 5, 35, -529.5
76, 1, 5, 30, -529.5
77, 3, 4.7, 30, -515.0
78, 1, 4.7, 25, -518.5
79, 5, 5, 25, -529.5
80, 5, 5, 25, -529.5
81, 4, 5, 25, -529.5
82, 6, 4.7, 30, -515.0
83, 0, 4.4, 25, -484.5
84, 1, 4.4, 20, -490.5
85, 1, 4.4, 15, -499.0
86, 1, 4.4, 10, -505.0
87, 1, 4.4, 5, -513.5
88, 1, 4.4, 5, -513.5
89, 1, 4.4, 5, -513.5
90, 1, 4.4, 5, -513.5
91, 6, 4.1000000000000005, 10, -467.5
92, 5, 4.4, 10, -505.0
93, 3, 4.1000000000000005, 10, -467.5
94, 0, 3.8000000000000007, 5, -467.0
95, 4, 3.8000000000000007, 5, -467.0
96, 2, 4.1000000000000005, 5, -482.5
97, 8, 4.4, 10, -505.0
98, 0, 4.1000000000000005, 5, -482.5
99, 8, 4.4, 10, -505.0
100, 4, 4.4, 10, -505.0
101, 7, 4.4, 15, -499.0
102, 8, 4.7, 20, -519.5
103, 6, 4.4, 25, -484.5
104, 8, 4.7, 30, -515.0
105, 3, 4.4, 30, -478.0
106, 3, 4.1000000000000005, 30, -432.5
107, 2, 4.4, 25, -484.5
108, 3, 4.1000000000000005, 25, -437.0
109, 1, 4.1000000000000005, 20, -448.0
110, 3, 3.8000000000000007, 20, -391.5
111, 3, 3.500000000000001, 20, -391.0
112, 8, 3.8000000000000007, 25, -387.0
113, 2, 4.1000000000000005, 20, -448.0
114, 0, 3.8000000000000007, 15, -400.5
115, 0, 3.500000000000001, 10, -412.5
116, 7, 3.500000000000001, 15, -403.5
117, 8, 3.8000000000000007, 20, -391.5
118, 3, 3.500000000000001, 20, -391.0
119, 3, 3.200000000000001, 20, -395.5
120, 3, 2.9000000000000012, 20, -317.0
121, 3, 2.6000000000000014, 20, -313.5
122, 3, 2.3000000000000016, 20, -260.5
123, 3, 2.0000000000000018, 20, -121.5
124, 0, 1.7000000000000017, 15, -53.5
125, 1, 1.7000000000000017, 10, -83.5
126, 1, 1.7000000000000017, 5, -143.0
127, 5, 2.0000000000000018, 5, -268.0
128, 4, 2.0000000000000018, 5, -268.0
129, 7, 2.0000000000000018, 10, -192.0
130, 1, 2.0000000000000018, 5, -268.0
131, 5, 2.3000000000000016, 5, -311.5
132, 3, 2.0000000000000018, 5, -268.0
133, 1, 2.0000000000000018, 5, -268.0
134, 8, 2.3000000000000016, 10, -272.0
135, 3, 2.0000000000000018, 10, -192.0
136, 2, 2.3000000000000016, 5, -311.5
137, 3, 2.0000000000000018, 5, -268.0
138, 2, 2.3000000000000016, 5, -311.5
139, 2, 2.6000000000000014, 5, -396.0
140, 2, 2.9000000000000012, 5, -371.5
141, 4, 2.9000000000000012, 5, -371.5
142, 4, 2.9000000000000012, 5, -371.5
143, 4, 2.9000000000000012, 5, -371.5
144, 5, 3.200000000000001, 5, -428.0
145, 3, 2.9000000000000012, 5, -371.5
146, 4, 2.9000000000000012, 5, -371.5
147, 7, 2.9000000000000012, 10, -347.0
148, 1, 2.9000000000000012, 5, -371.5
149, 5, 3.200000000000001, 5, -428.0
