New Experiment - Num episodes: 1000
iteration, action, basal, carb, reward
switching patient
0, 8, 0.8999999999999999, 15, -189.89999389648438
1, 1, 0.8999999999999999, 10, -179.6999969482422
2, 2, 1.2, 5, -57.0
3, 6, 0.8999999999999999, 10, -185.89999389648438
4, 0, 0.5999999999999999, 5, -171.8000030517578
5, 0, 0.2999999999999999, 5, -206.0
6, 7, 0.2999999999999999, 10, -298.6000061035156
7, 1, 0.2999999999999999, 5, -196.8000030517578
8, 3, 0.3, 5, -199.8000030517578
9, 2, 0.6, 5, -176.39999389648438
switching patient
10, 6, 0.3, 15, -319.29998779296875
switching patient
11, 5, 0.7255820665466091, 10, -194.0
12, 4, 0.7255820665466091, 10, -220.8000030517578
13, 0, 0.4255820665466091, 5, -199.0
switching patient
14, 0, 0.6756635787409218, 23, -239.89999389648438
15, 2, 0.9756635787409218, 18, -177.8000030517578
switching patient
16, 8, 0.8999999999999999, 15, -213.1999969482422
17, 5, 1.2, 15, -138.0
switching patient
18, 1, 0.6, 5, -45.0
switching patient
19, 8, 1.5, 15, -25.5
switching patient
20, 0, 0.3, 5, -83.69999694824219
21, 8, 0.6, 10, 0.0
switching patient
22, 0, 0.3, 5, -66.4000015258789
switching patient
23, 8, 0.8999999999999999, 15, 13.199999809265137
switching patient
24, 1, 0.6, 5, -62.20000076293945
25, 5, 0.8999999999999999, 5, 18.399999618530273
26, 8, 1.2, 10, -36.20000076293945
switching patient
27, 0, 1.7833925988244876, 39, -45.5
switching patient
28, 0, 0.3, 5, -94.19999694824219
29, 7, 0.3, 10, -0.4000000059604645
30, 2, 0.6, 5, -196.0
31, 2, 0.8999999999999999, 5, -239.5
32, 4, 0.8999999999999999, 5, -176.5
33, 7, 0.8999999999999999, 10, -98.5
switching patient
34, 2, 1.2, 5, -119.4000015258789
switching patient
35, 2, 0.8999999999999999, 5, 70.80000305175781
36, 2, 1.2, 5, 87.0
37, 1, 1.2, 5, 78.5
switching patient
38, 6, 0.3, 15, -192.8000030517578
switching patient
39, 1, 1.8, 15, -63.5
40, 3, 1.5, 15, 0.5
41, 7, 1.5, 20, 16.5
switching patient
42, 6, 0.3, 15, -231.8000030517578
43, 7, 0.3, 20, -249.8000030517578
44, 7, 0.3, 25, -331.0
45, 6, 0.3, 30, -345.0
switching patient
46, 1, 0.6, 5, 15.199999809265137
switching patient
47, 7, 0.7255820665466091, 15, -261.6000061035156
48, 4, 0.7255820665466091, 15, -216.8000030517578
49, 5, 1.025582066546609, 15, -175.3000030517578
50, 3, 0.7255820665466091, 15, -246.1999969482422
51, 5, 1.025582066546609, 15, -171.10000610351562
52, 4, 1.025582066546609, 15, -197.6999969482422
53, 4, 1.025582066546609, 15, -178.10000610351562
54, 6, 0.7255820665466091, 20, -265.20001220703125
55, 0, 0.4255820665466091, 15, -355.20001220703125
56, 7, 0.4255820665466091, 20, -354.79998779296875
switching patient
57, 4, 1.2756635787409218, 23, -148.1999969482422
switching patient
58, 8, 1.8, 20, 144.5
switching patient
59, 1, 0.6, 10, 81.5999984741211
60, 3, 0.3, 10, -145.39999389648438
switching patient
61, 4, 0.5242816454389774, 10, 122.5
62, 4, 0.5242816454389774, 10, 42.099998474121094
switching patient
63, 2, 1.875663578740922, 23, 0.20000000298023224
64, 8, 2.175663578740922, 28, 77.9000015258789
switching patient
65, 5, 2.3695610059592402, 35, -254.5
66, 6, 2.0695610059592404, 40, -286.0
67, 5, 2.3695610059592402, 40, -209.0
68, 5, 2.66956100595924, 40, -319.0
69, 4, 2.66956100595924, 40, -358.5
70, 5, 2.96956100595924, 40, -400.0
71, 6, 2.66956100595924, 45, -316.0
72, 5, 2.96956100595924, 45, -372.5
73, 6, 2.66956100595924, 50, -354.5
switching patient
74, 4, 0.8999999999999999, 10, -13.5
75, 4, 0.8999999999999999, 10, 6.5
switching patient
76, 5, 2.1, 25, -83.5
77, 7, 2.1, 30, -83.5
switching patient
78, 0, 1.2, 15, -135.3000030517578
switching patient
79, 5, 0.8999999999999999, 10, 42.5
80, 1, 0.8999999999999999, 5, -66.0
81, 8, 1.2, 10, -56.0
82, 2, 1.5, 5, -158.0
switching patient
83, 5, 1.2, 10, -146.5
84, 5, 1.5, 10, -300.5
switching patient
85, 5, 0.8999999999999999, 10, -2.799999952316284
86, 7, 0.8999999999999999, 15, 34.5
87, 7, 0.8999999999999999, 20, 76.5
88, 3, 0.5999999999999999, 20, -34.900001525878906
switching patient
89, 1, 2.013132892430673, 32, 84.69999694824219
90, 3, 1.713132892430673, 32, -82.9000015258789
91, 6, 1.413132892430673, 37, -114.5999984741211
switching patient
92, 4, 0.6, 10, -228.5
switching patient
93, 8, 0.8999999999999999, 15, -75.19999694824219
switching patient
94, 2, 2.1, 10, -399.0
switching patient
95, 4, 1.5, 10, -61.5
switching patient
96, 8, 0.8999999999999999, 15, -127.19999694824219
97, 1, 0.8999999999999999, 10, -118.0999984741211
98, 5, 1.2, 10, 136.6999969482422
switching patient
99, 2, 2.1, 5, -329.5
switching patient
100, 4, 0.6, 10, 78.19999694824219
switching patient
101, 6, 1.140637922273996, 15, 56.5
102, 2, 1.440637922273996, 10, -21.5
103, 0, 1.140637922273996, 5, -58.0
104, 7, 1.140637922273996, 10, 8.5
105, 3, 0.8406379222739959, 10, 34.5
switching patient
106, 8, 0.8999999999999999, 15, 60.5
107, 3, 0.5999999999999999, 15, -10.199999809265137
108, 2, 0.8999999999999999, 10, -53.5
109, 5, 1.2, 10, -37.5
switching patient
110, 2, 0.8999999999999999, 5, 11.0
111, 7, 0.8999999999999999, 10, 36.5
112, 5, 1.2, 10, 26.5
switching patient
113, 2, 1.025582066546609, 20, -189.89999389648438
114, 2, 1.3255820665466092, 15, -115.0
115, 0, 1.025582066546609, 10, -159.5
116, 2, 1.3255820665466092, 5, -8.899999618530273
switching patient
117, 2, 1.2, 10, -7.5
118, 2, 1.5, 5, -141.0
119, 2, 1.8, 5, -204.5
switching patient
120, 2, 0.8999999999999999, 5, 40.5
121, 3, 0.5999999999999999, 5, 7.0
122, 0, 0.2999999999999999, 5, -71.4000015258789
123, 2, 0.5999999999999999, 5, -44.900001525878906
124, 2, 0.8999999999999999, 5, 70.5
125, 5, 1.2, 5, 46.5
126, 5, 1.5, 5, -85.5
switching patient
127, 3, 0.3, 35, -352.20001220703125
128, 1, 0.3, 30, -310.3999938964844
switching patient
129, 2, 2.1, 5, -215.0
130, 2, 2.4, 5, -318.0
131, 2, 2.6999999999999997, 5, -355.5
132, 2, 2.9999999999999996, 5, -370.0
switching patient
133, 2, 1.1242816454389775, 10, -74.5
134, 7, 1.1242816454389775, 15, -27.5
135, 5, 1.4242816454389775, 15, -130.5
switching patient
136, 2, 0.7173760363924517, 8, 144.5
137, 5, 1.0173760363924518, 8, 2.5
138, 5, 1.3173760363924518, 8, -23.5
139, 0, 1.0173760363924518, 3, -175.0
140, 5, 1.3173760363924518, 3, -105.5
141, 8, 1.6173760363924519, 8, -60.5
switching patient
142, 7, 1.5, 20, -21.5
143, 4, 1.5, 20, -23.5
switching patient
144, 5, 0.8999999999999999, 10, 14.5
switching patient
145, 5, 1.5, 20, 20.5
switching patient
146, 5, 1.5, 15, -43.5
147, 5, 1.8, 15, -134.0
148, 8, 2.1, 20, -246.5
149, 5, 2.4, 20, -343.5
150, 5, 2.6999999999999997, 20, -267.0
switching patient
151, 1, 0.6, 5, -4.900000095367432
152, 8, 0.8999999999999999, 10, 40.5
153, 5, 1.2, 10, 122.5
switching patient
154, 5, 0.8999999999999999, 10, 106.5
155, 5, 1.2, 10, 40.5
156, 5, 1.5, 10, -7.5
switching patient
157, 6, 0.3, 15, -95.80000305175781
158, 5, 0.6, 15, -31.0
159, 4, 0.6, 15, -58.099998474121094
160, 5, 0.8999999999999999, 15, 22.700000762939453
switching patient
161, 2, 0.8999999999999999, 15, -97.30000305175781
switching patient
162, 2, 1.2, 10, 144.5
163, 2, 1.5, 5, -128.0
164, 2, 1.8, 5, -99.0
165, 3, 1.5, 5, -61.5
166, 5, 1.8, 5, -139.5
switching patient
167, 5, 2.1, 15, -15.5
168, 5, 2.4, 15, -75.5
169, 5, 2.6999999999999997, 15, -159.5
170, 5, 2.9999999999999996, 15, -243.5
171, 5, 3.2999999999999994, 15, -298.5
172, 5, 3.599999999999999, 15, -269.0
173, 5, 3.899999999999999, 15, -299.0
174, 1, 3.899999999999999, 10, -313.0
175, 5, 4.199999999999999, 10, -372.5
176, 5, 4.499999999999999, 10, -420.0
177, 3, 4.199999999999999, 10, -351.5
178, 3, 3.8999999999999995, 10, -322.0
179, 2, 4.199999999999999, 5, -400.5
180, 6, 3.8999999999999995, 10, -317.0
181, 2, 4.199999999999999, 5, -403.5
182, 5, 4.499999999999999, 5, -423.0
183, 5, 4.799999999999999, 5, -428.5
184, 1, 4.799999999999999, 5, -455.0
185, 5, 5, 5, -462.5
186, 4, 5, 5, -462.5
187, 5, 5, 5, -438.5
188, 5, 5, 5, -463.5
189, 2, 5, 5, -478.5
190, 8, 5, 10, -434.0
191, 2, 5, 5, -441.5
switching patient
192, 7, 0.6, 14, 105.5
193, 5, 0.8999999999999999, 14, 31.0
switching patient
194, 8, 0.8999999999999999, 15, 69.0999984741211
195, 8, 1.2, 20, 96.5
switching patient
196, 1, 1.2, 15, -0.5
switching patient
197, 0, 0.5609903295210954, 15, -209.6999969482422
198, 1, 0.5609903295210954, 10, -192.6999969482422
199, 5, 0.8609903295210954, 10, -135.0
200, 3, 0.5609903295210954, 10, -191.89999389648438
201, 7, 0.5609903295210954, 15, -208.6999969482422
switching patient
202, 0, 1.3255820665466092, 5, -86.9000015258789
203, 1, 1.3255820665466092, 5, -106.4000015258789
204, 5, 1.6255820665466092, 5, 99.0
205, 1, 1.6255820665466092, 5, 121.0999984741211
206, 5, 1.9255820665466092, 5, 144.5
207, 5, 2.2255820665466093, 5, 76.5
switching patient
208, 5, 2.6999999999999997, 10, -366.5
209, 1, 2.6999999999999997, 5, -389.0
210, 5, 2.9999999999999996, 5, -458.5
211, 3, 2.6999999999999997, 5, -409.5
switching patient
212, 0, 2.298002202668181, 29, -31.700000762939453
switching patient
213, 5, 0.8999999999999999, 10, 24.5
214, 7, 0.8999999999999999, 15, 22.5
215, 1, 0.8999999999999999, 10, -23.5
216, 7, 0.8999999999999999, 15, 22.5
217, 1, 0.8999999999999999, 10, -25.5
218, 1, 0.8999999999999999, 5, -88.5
219, 1, 0.8999999999999999, 5, -140.1999969482422
220, 1, 0.8999999999999999, 5, -110.9000015258789
switching patient
221, 1, 1.2, 10, -42.5
switching patient
222, 3, 0.8999999999999999, 20, -97.5
switching patient
223, 1, 2.5980022026681806, 29, -2.4000000953674316
224, 7, 2.5980022026681806, 34, 79.69999694824219
225, 7, 2.5980022026681806, 39, 20.5
switching patient
226, 7, 0.8999999999999999, 30, 26.600000381469727
227, 2, 1.2, 25, 48.5
switching patient
228, 7, 1.5, 15, -92.0999984741211
229, 3, 1.2, 15, -143.1999969482422
switching patient
230, 0, 0.8999999999999999, 10, -121.0
231, 2, 1.2, 5, -288.5
switching patient
232, 7, 0.6, 15, -169.3000030517578
233, 7, 0.6, 20, -200.89999389648438
234, 7, 0.6, 25, -266.1000061035156
switching patient
235, 5, 2.4, 25, 20.5
switching patient
236, 1, 2.9999999999999996, 5, -452.5
237, 0, 2.6999999999999997, 5, -391.0
switching patient
238, 2, 1.2, 10, -126.9000015258789
239, 5, 1.5, 10, -127.19999694824219
switching patient
240, 7, 1.5545693468726531, 32, -43.5
241, 3, 1.254569346872653, 32, 52.5
242, 8, 1.5545693468726531, 37, -13.5
243, 5, 1.8545693468726532, 37, -101.5
switching patient
244, 1, 1.5, 10, -150.5
245, 7, 1.5, 15, -99.0
246, 2, 1.8, 10, -216.5
switching patient
247, 0, 2.6999999999999997, 5, -386.0
switching patient
248, 5, 0.8999999999999999, 10, -107.69999694824219
249, 2, 1.2, 5, 64.5
250, 2, 1.5, 5, 8.0
switching patient
251, 1, 1.5, 5, -382.0
252, 1, 1.5, 5, -385.5
253, 1, 1.5, 5, -371.0
254, 2, 1.8, 5, -348.0
255, 1, 1.8, 5, -387.0
256, 1, 1.8, 5, -392.5
switching patient
257, 1, 1.5, 25, -9.5
switching patient
258, 8, 2.4, 20, -280.5
259, 0, 2.1, 15, -286.5
260, 7, 2.1, 20, -286.5
261, 7, 2.1, 25, -276.5
262, 7, 2.1, 30, -270.0
263, 2, 2.4, 25, -263.0
264, 7, 2.4, 30, -277.5
265, 4, 2.4, 30, -280.0
266, 8, 2.6999999999999997, 35, -403.5
267, 4, 2.6999999999999997, 35, -357.0
268, 4, 2.6999999999999997, 35, -358.0
269, 8, 2.9999999999999996, 40, -341.5
270, 4, 2.9999999999999996, 40, -383.0
271, 4, 2.9999999999999996, 40, -372.0
272, 4, 2.9999999999999996, 40, -376.5
273, 4, 2.9999999999999996, 40, -367.5
switching patient
274, 3, 1.2, 15, 127.5999984741211
275, 5, 1.5, 15, 46.5
276, 3, 1.2, 15, 105.5
277, 5, 1.5, 15, 37.400001525878906
278, 1, 1.5, 10, 32.5
switching patient
279, 6, 0.3, 20, -156.1999969482422
280, 5, 0.6, 20, 71.69999694824219
281, 0, 0.3, 15, -149.39999389648438
switching patient
282, 5, 1.7638961774324005, 10, -169.10000610351562
283, 0, 1.4638961774324004, 5, -168.60000610351562
284, 5, 1.7638961774324005, 5, -153.10000610351562
285, 5, 2.0638961774324005, 5, -127.9000015258789
286, 5, 2.3638961774324003, 5, -111.5999984741211
287, 0, 2.0638961774324005, 5, -126.5
288, 2, 2.3638961774324003, 5, -105.0999984741211
switching patient
289, 2, 0.8999999999999999, 15, 52.5
290, 2, 1.2, 10, -73.0
switching patient
291, 1, 1.5, 10, -51.5
292, 0, 1.2, 5, -79.0
switching patient
293, 2, 2.013132892430673, 37, -96.0999984741211
294, 1, 2.013132892430673, 32, -63.5
295, 1, 2.013132892430673, 27, -19.299999237060547
switching patient
296, 0, 1.7833925988244876, 39, -73.5
297, 0, 1.4833925988244876, 34, -2.4000000953674316
298, 0, 1.1833925988244876, 29, 30.5
switching patient
299, 0, 0.8406379222739959, 10, 132.5
300, 2, 1.140637922273996, 5, -35.0
301, 7, 1.140637922273996, 10, 32.5
302, 4, 1.140637922273996, 10, 20.600000381469727
303, 0, 0.8406379222739959, 5, 45.0
304, 0, 0.5406379222739959, 5, 26.799999237060547
305, 7, 0.5406379222739959, 10, -25.799999237060547
306, 2, 0.8406379222739959, 5, 7.0
switching patient
307, 0, 2.4, 25, -31.5
switching patient
308, 1, 1.5, 15, -92.0999984741211
switching patient
309, 4, 1.7242816454389776, 20, -228.0
310, 0, 1.4242816454389775, 15, -155.5
switching patient
311, 0, 1.6173760363924519, 8, -82.0
switching patient
312, 0, 2.1, 30, -107.5
313, 1, 2.1, 25, -95.5
314, 1, 2.1, 20, -81.5
315, 8, 2.4, 25, -263.5
316, 0, 2.1, 20, -117.5
317, 7, 2.1, 25, -85.5
318, 0, 1.8, 20, -9.5
319, 0, 1.5, 15, -43.5
320, 0, 1.2, 10, 42.5
switching patient
321, 0, 1.6173760363924519, 8, -102.5
322, 0, 1.3173760363924518, 3, -189.5
switching patient
323, 0, 1.5, 20, 46.5
324, 2, 1.8, 15, -13.5
325, 0, 1.5, 10, 18.5
326, 7, 1.5, 15, 6.5
327, 5, 1.8, 15, -47.5
328, 0, 1.5, 10, -17.5
329, 4, 1.5, 10, -3.5
switching patient
330, 4, 1.140637922273996, 10, -8.5
331, 4, 1.140637922273996, 10, 3.5
332, 4, 1.140637922273996, 10, 0.10000000149011612
333, 4, 1.140637922273996, 10, -1.5
334, 4, 1.140637922273996, 10, 20.5
335, 4, 1.140637922273996, 10, 11.300000190734863
336, 4, 1.140637922273996, 10, 8.100000381469727
337, 4, 1.140637922273996, 10, 46.5
switching patient
338, 2, 2.6131328924306727, 27, 55.5
switching patient
339, 2, 1.5, 20, -76.5999984741211
switching patient
340, 4, 1.5, 10, -43.5
switching patient
341, 0, 1.2, 10, -74.0
342, 1, 1.2, 5, -141.0
343, 1, 1.2, 5, -172.0
344, 4, 1.2, 5, -152.5
345, 0, 0.8999999999999999, 5, -132.5
switching patient
346, 4, 1.6173760363924519, 8, -87.5
347, 6, 1.3173760363924518, 13, 18.5
348, 6, 1.0173760363924518, 18, -15.5
349, 1, 1.0173760363924518, 13, -38.29999923706055
350, 6, 0.7173760363924517, 18, -55.70000076293945
switching patient
351, 5, 0.8999999999999999, 20, 99.0
switching patient
352, 6, 0.5999999999999999, 20, 100.5
353, 4, 0.5999999999999999, 20, 144.5
354, 4, 0.5999999999999999, 20, 22.5
switching patient
355, 6, 1.5, 20, -33.5
switching patient
356, 4, 1.5, 20, -62.20000076293945
357, 4, 1.5, 20, -88.9000015258789
358, 5, 1.8, 20, -38.79999923706055
switching patient
359, 8, 3.2999999999999994, 30, -379.0
switching patient
360, 6, 1.4242816454389775, 25, -91.5
361, 6, 1.1242816454389775, 30, -3.5
362, 6, 0.8242816454389774, 35, 31.299999237060547
363, 4, 0.8242816454389774, 35, 37.099998474121094
switching patient
364, 2, 1.1609903295210955, 15, -59.599998474121094
switching patient
365, 2, 0.8999999999999999, 5, -149.3000030517578
366, 2, 1.2, 5, 26.200000762939453
367, 2, 1.5, 5, 118.5
switching patient
368, 2, 1.5, 20, -35.5
369, 6, 1.2, 25, 24.5
switching patient
370, 2, 1.2, 25, -60.900001525878906
371, 2, 1.5, 20, -0.800000011920929
372, 8, 1.8, 25, 42.099998474121094
373, 1, 1.8, 20, 27.799999237060547
374, 2, 2.1, 15, 31.600000381469727
375, 2, 2.4, 10, -13.5
376, 0, 2.1, 5, -47.5
switching patient
377, 6, 1.5, 20, 60.5
switching patient
378, 0, 2.1, 5, -61.0
379, 0, 1.8, 5, -31.5
switching patient
380, 0, 1.5, 25, -9.5
381, 3, 1.2, 25, -13.899999618530273
382, 0, 0.8999999999999999, 20, -44.79999923706055
383, 4, 0.8999999999999999, 20, -12.399999618530273
384, 2, 1.2, 15, 0.5
385, 6, 0.8999999999999999, 20, -42.79999923706055
386, 5, 1.2, 20, 1.399999976158142
387, 3, 0.8999999999999999, 20, -3.299999952316284
388, 5, 1.2, 20, 8.899999618530273
switching patient
389, 5, 2.7756635787409216, 33, 76.5
390, 0, 2.475663578740922, 28, -56.5
391, 7, 2.475663578740922, 33, 25.399999618530273
392, 5, 2.7756635787409216, 33, 94.5
393, 5, 3.0756635787409214, 33, 44.5
394, 3, 2.7756635787409216, 33, 96.5
395, 5, 3.0756635787409214, 33, 30.299999237060547
396, 5, 3.3756635787409213, 33, 20.5
397, 6, 3.0756635787409214, 38, 2.5
398, 4, 3.0756635787409214, 38, 48.5
399, 2, 3.3756635787409213, 33, -12.0
400, 3, 3.0756635787409214, 33, 70.5
401, 4, 3.0756635787409214, 33, 46.5
402, 6, 2.7756635787409216, 38, 18.299999237060547
403, 4, 2.7756635787409216, 38, 11.100000381469727
switching patient
404, 3, 1.2, 30, 12.5
405, 4, 1.2, 30, 24.5
406, 5, 1.5, 30, -1.5
switching patient
407, 3, 1.5, 15, 14.5
408, 5, 1.8, 15, -37.5
409, 8, 2.1, 20, -85.5
410, 3, 1.8, 20, -5.5
411, 5, 2.1, 20, -105.5
switching patient
412, 2, 1.740637922273996, 10, -92.0
413, 3, 1.440637922273996, 10, -21.5
switching patient
414, 5, 1.2, 25, -117.5
switching patient
415, 6, 1.5, 30, -62.20000076293945
416, 2, 1.8, 25, 28.899999618530273
417, 2, 2.1, 20, 26.5
418, 5, 2.4, 20, 4.5
419, 6, 2.1, 25, 52.5
420, 8, 2.4, 30, 10.300000190734863
switching patient
421, 6, 1.8545693468726532, 47, -81.5
switching patient
422, 2, 1.7609903295210956, 15, 62.5
switching patient
423, 2, 2.1, 5, 20.5
424, 6, 1.8, 10, 50.900001525878906
425, 5, 2.1, 10, 144.5
switching patient
426, 4, 2.0609903295210956, 20, 90.5
427, 4, 2.0609903295210956, 20, 90.5
428, 4, 2.0609903295210956, 20, 90.5
429, 4, 2.0609903295210956, 20, 58.900001525878906
430, 4, 2.0609903295210956, 20, 54.5
431, 4, 2.0609903295210956, 20, 54.900001525878906
switching patient
432, 4, 1.8, 20, -123.30000305175781
433, 4, 1.8, 20, -86.9000015258789
434, 0, 1.5, 15, -92.0999984741211
435, 0, 1.2, 10, -138.60000610351562
436, 4, 1.2, 10, -141.8000030517578
437, 4, 1.2, 10, -135.0
438, 4, 1.2, 10, -135.0
439, 4, 1.2, 10, -140.60000610351562
440, 5, 1.5, 10, -110.30000305175781
switching patient
441, 6, 1.5, 30, 20.5
442, 4, 1.5, 30, 24.5
443, 5, 1.8, 30, -45.5
switching patient
444, 5, 0.8999999999999999, 15, 131.5
445, 5, 1.2, 15, 30.5
446, 5, 1.5, 15, 8.5
447, 6, 1.2, 20, 58.5
448, 7, 1.2, 25, 54.400001525878906
449, 5, 1.5, 25, 12.5
switching patient
450, 6, 1.8, 15, -65.5
451, 6, 1.5, 20, -1.5
switching patient
452, 8, 1.5, 25, 20.399999618530273
453, 5, 1.8, 25, 14.5
454, 4, 1.8, 25, 8.5
455, 0, 1.5, 20, 54.5
switching patient
456, 1, 2.1545693468726532, 45, -260.5
457, 0, 1.8545693468726532, 40, -105.5
458, 6, 1.5545693468726531, 45, -33.5
459, 8, 1.8545693468726532, 50, -121.5
460, 3, 1.5545693468726531, 50, -1.5
461, 0, 1.254569346872653, 45, -1.2000000476837158
462, 2, 1.5545693468726531, 40, -31.5
463, 4, 1.5545693468726531, 40, -1.5
switching patient
464, 1, 1.8, 10, -43.5
switching patient
465, 8, 2.6609903295210953, 30, 8.5
466, 0, 2.3609903295210954, 25, 24.5
467, 3, 2.0609903295210956, 25, 32.5
switching patient
468, 5, 1.3173760363924518, 23, 24.200000762939453
469, 0, 1.0173760363924518, 18, 14.5
switching patient
470, 5, 3.1980022026681802, 44, 22.5
471, 3, 2.8980022026681804, 44, 48.5
472, 0, 2.5980022026681806, 39, -4.599999904632568
switching patient
473, 3, 1.440637922273996, 15, -37.0
switching patient
474, 0, 2.1, 10, -412.0
switching patient
475, 3, 2.1, 15, 144.5
switching patient
476, 5, 2.9638961774324, 10, -28.399999618530273
477, 2, 3.2638961774324, 5, 114.5999984741211
478, 5, 3.5638961774323996, 5, 119.5999984741211
479, 5, 3.8638961774323994, 5, 84.5
480, 3, 3.5638961774323996, 5, 144.5
481, 4, 3.5638961774323996, 5, 134.5
482, 3, 3.2638961774324, 5, 126.30000305175781
483, 5, 3.5638961774323996, 5, 142.5
484, 2, 3.8638961774323994, 5, 55.70000076293945
switching patient
485, 6, 2.66956100595924, 50, -342.0
switching patient
486, 3, 1.2, 15, 144.5
switching patient
487, 3, 2.4, 30, -13.5
488, 6, 2.1, 35, 46.099998474121094
switching patient
489, 4, 2.4, 40, 19.5
490, 5, 2.6999999999999997, 40, 26.5
switching patient
491, 6, 2.9999999999999996, 15, -265.0
492, 6, 2.6999999999999997, 20, -285.5
switching patient
493, 3, 2.7756635787409216, 43, 46.5
494, 4, 2.7756635787409216, 43, 22.100000381469727
switching patient
495, 2, 0.9355546231804963, 24, -98.5
switching patient
496, 8, 2.1, 15, 10.5
497, 4, 2.1, 15, 12.5
switching patient
498, 4, 1.5, 15, 20.5
switching patient
499, 3, 1.5, 25, -5.5
500, 4, 1.5, 25, -13.5
switching patient
501, 2, 2.4, 20, 104.5
502, 2, 2.6999999999999997, 15, 57.599998474121094
503, 8, 2.9999999999999996, 20, 21.299999237060547
switching patient
504, 3, 1.5, 35, 10.5
505, 3, 1.2, 35, -49.5
506, 3, 0.8999999999999999, 35, -3.700000047683716
507, 2, 1.2, 30, 26.5
508, 3, 0.8999999999999999, 30, 47.0
509, 2, 1.2, 25, -39.5
510, 3, 0.8999999999999999, 25, 96.4000015258789
511, 2, 1.2, 20, -55.5
512, 3, 0.8999999999999999, 20, 114.5999984741211
switching patient
513, 0, 4.7, 5, -428.0
switching patient
514, 3, 1.5, 25, 80.5
515, 3, 1.2, 25, 26.200000762939453
516, 5, 1.5, 25, 2.200000047683716
517, 5, 1.8, 25, 58.5
518, 3, 1.5, 25, 44.900001525878906
519, 6, 1.2, 30, 49.599998474121094
520, 0, 0.8999999999999999, 25, -90.0999984741211
switching patient
521, 6, 0.8999999999999999, 24, 34.5
switching patient
522, 0, 2.7756635787409216, 43, 46.5
switching patient
523, 0, 2.7756635787409216, 43, 58.5
switching patient
524, 0, 1.5, 15, 48.5
525, 0, 1.2, 10, 144.5
526, 0, 0.8999999999999999, 5, 118.5
527, 0, 0.5999999999999999, 5, -25.100000381469727
switching patient
528, 3, 2.1, 20, -19.5
529, 3, 1.8, 20, 62.0
530, 0, 1.5, 15, 80.5
531, 0, 1.2, 10, 144.5
532, 0, 0.8999999999999999, 5, 41.099998474121094
533, 0, 0.5999999999999999, 5, -67.4000015258789
534, 0, 0.2999999999999999, 5, -16.0
535, 0, 0.3, 5, -94.4000015258789
536, 0, 0.3, 5, -134.60000610351562
537, 0, 0.3, 5, -121.5999984741211
switching patient
538, 3, 1.5545693468726531, 45, -5.5
539, 3, 1.254569346872653, 45, 62.5
540, 3, 0.954569346872653, 45, 77.69999694824219
541, 5, 1.254569346872653, 45, 48.5
switching patient
542, 0, 2.6999999999999997, 20, -281.5
543, 6, 2.4, 25, -147.5
switching patient
544, 5, 1.5355546231804964, 29, 30.399999618530273
545, 5, 1.8355546231804964, 29, 50.5
546, 6, 1.5355546231804964, 34, 44.099998474121094
547, 5, 1.8355546231804964, 34, 38.29999923706055
switching patient
548, 3, 0.8999999999999999, 10, -21.5
switching patient
549, 3, 1.1833925988244876, 34, 49.5
550, 8, 1.4833925988244876, 39, 16.5
551, 6, 1.1833925988244876, 44, 58.5
552, 6, 0.8833925988244875, 49, 34.0
switching patient
553, 0, 1.8, 30, -27.5
554, 4, 1.8, 30, -35.5
555, 3, 1.5, 30, 4.800000190734863
556, 3, 1.2, 30, 90.5
557, 4, 1.2, 30, 32.5
switching patient
558, 0, 2.1, 10, -407.5
559, 0, 1.8, 5, -410.0
560, 6, 1.5, 10, -291.5
561, 6, 1.2, 15, -147.5
switching patient
562, 6, 2.6131328924306727, 37, 23.100000381469727
switching patient
563, 6, 2.6131328924306727, 47, -122.5999984741211
564, 5, 2.9131328924306725, 47, 53.79999923706055
switching patient
565, 6, 0.8999999999999999, 34, 98.5
switching patient
566, 0, 2.6999999999999997, 5, -411.0
567, 0, 2.4, 5, -398.0
568, 6, 2.1, 10, -279.5
569, 6, 1.8, 15, -158.5
570, 0, 1.5, 10, -79.5
571, 0, 1.2, 5, -148.0
572, 0, 0.8999999999999999, 5, -59.0
switching patient
573, 3, 1.440637922273996, 20, 18.5
574, 0, 1.140637922273996, 15, 12.899999618530273
575, 0, 0.8406379222739959, 10, 102.5
576, 3, 0.5406379222739959, 10, -93.4000015258789
switching patient
577, 2, 0.8999999999999999, 30, -57.0
578, 0, 0.5999999999999999, 25, -149.6999969482422
579, 2, 0.8999999999999999, 20, -116.80000305175781
switching patient
580, 3, 2.1, 25, -87.5
581, 3, 1.8, 25, -21.5
582, 3, 1.5, 25, 36.5
switching patient
583, 0, 2.0609903295210956, 25, 78.80000305175781
584, 0, 1.7609903295210956, 20, 128.5
585, 3, 1.4609903295210955, 20, 49.599998474121094
switching patient
586, 0, 0.8384632815135382, 5, 10.0
587, 0, 0.5384632815135382, 5, 35.900001525878906
588, 6, 0.23846328151353818, 10, -168.6999969482422
589, 7, 0.23846328151353818, 15, -192.89999389648438
590, 5, 0.5384632815135382, 15, -8.899999618530273
591, 7, 0.5384632815135382, 20, -127.19999694824219
switching patient
592, 8, 1.8545693468726532, 50, -89.5
593, 6, 1.5545693468726531, 50, 12.5
594, 5, 1.8545693468726532, 50, -87.5
595, 6, 1.5545693468726531, 50, -7.5
596, 3, 1.254569346872653, 50, 46.5
597, 0, 0.954569346872653, 45, -28.100000381469727
598, 0, 0.654569346872653, 40, -85.5999984741211
599, 0, 0.354569346872653, 35, -199.5
600, 0, 0.054569346872653024, 30, -397.6000061035156
601, 5, 0.354569346872653, 30, -184.10000610351562
602, 5, 0.654569346872653, 30, -73.9000015258789
603, 0, 0.354569346872653, 25, -180.5
switching patient
604, 3, 1.5, 30, 40.5
switching patient
605, 4, 1.3173760363924518, 23, 64.5
606, 3, 1.0173760363924518, 23, 50.5
switching patient
607, 3, 0.8242816454389774, 40, 49.400001525878906
608, 3, 0.5242816454389774, 40, -105.0999984741211
switching patient
609, 0, 2.9999999999999996, 40, -375.5
610, 3, 2.6999999999999997, 40, -371.0
switching patient
611, 3, 0.8833925988244875, 50, 13.199999809265137
switching patient
612, 3, 1.2, 20, 144.5
613, 3, 0.8999999999999999, 20, -111.5999984741211
614, 0, 0.5999999999999999, 15, -141.10000610351562
615, 0, 0.2999999999999999, 10, -177.10000610351562
616, 0, 0.3, 5, -66.0999984741211
617, 4, 0.3, 5, -167.5
618, 0, 0.3, 5, -52.79999923706055
619, 0, 0.3, 5, -64.80000305175781
620, 0, 0.3, 5, -80.80000305175781
621, 0, 0.3, 5, -91.4000015258789
622, 0, 0.3, 5, -53.099998474121094
623, 2, 0.6, 5, -12.699999809265137
624, 0, 0.3, 5, -49.5
625, 2, 0.6, 5, -5.900000095367432
626, 0, 0.3, 5, -102.9000015258789
627, 3, 0.3, 5, -123.0999984741211
628, 1, 0.3, 5, -32.29999923706055
switching patient
629, 1, 1.1833925988244876, 45, 20.200000762939453
switching patient
630, 4, 1.4833925988244876, 50, 2.5
631, 3, 1.1833925988244876, 50, 74.5
632, 3, 0.8833925988244875, 50, 23.600000381469727
switching patient
633, 1, 1.8, 10, 57.400001525878906
switching patient
634, 7, 2.6999999999999997, 35, -311.5
switching patient
635, 2, 0.954569346872653, 25, -5.5
switching patient
636, 6, 1.2, 35, -95.5
637, 6, 0.8999999999999999, 40, 34.5
switching patient
638, 6, 3.8638961774324, 15, 45.20000076293945
639, 0, 3.5638961774324, 10, 82.0999984741211
640, 8, 3.8638961774324, 15, -15.600000381469727
641, 0, 3.5638961774324, 10, 62.900001525878906
642, 0, 3.2638961774324002, 5, 121.0999984741211
643, 0, 2.9638961774324004, 5, 71.69999694824219
644, 2, 3.2638961774324002, 5, 82.0999984741211
645, 0, 2.9638961774324004, 5, 28.799999237060547
switching patient
646, 0, 0.5242816454389774, 40, -113.30000305175781
647, 0, 0.22428164543897738, 35, -247.60000610351562
switching patient
648, 3, 1.8355546231804964, 39, 56.5
switching patient
649, 3, 1.2, 35, 46.79999923706055
650, 1, 1.2, 30, 80.5
switching patient
651, 1, 1.8, 10, -25.799999237060547
652, 1, 1.8, 5, 144.5
653, 4, 1.8, 5, 132.8000030517578
654, 6, 1.5, 10, -109.0
655, 1, 1.5, 5, 95.0999984741211
656, 1, 1.5, 5, 11.899999618530273
657, 1, 1.5, 5, 5.400000095367432
658, 1, 1.5, 5, 45.70000076293945
659, 6, 1.2, 10, -137.8000030517578
660, 1, 1.2, 5, -135.0
661, 6, 0.8999999999999999, 10, -184.3000030517578
662, 0, 0.5999999999999999, 5, -178.1999969482422
663, 0, 0.2999999999999999, 5, -209.1999969482422
664, 0, 0.3, 5, -195.39999389648438
switching patient
665, 6, 2.4, 40, 26.5
switching patient
666, 3, 1.4609903295210955, 25, -62.20000076293945
667, 4, 1.4609903295210955, 25, 28.799999237060547
switching patient
668, 3, 2.7756635787409216, 48, 34.20000076293945
669, 3, 2.475663578740922, 48, 78.5
670, 3, 2.175663578740922, 48, -21.799999237060547
671, 4, 2.175663578740922, 48, -34.900001525878906
672, 6, 1.875663578740922, 50, -79.0999984741211
673, 3, 1.5756635787409219, 50, -87.30000305175781
674, 0, 1.2756635787409218, 45, -152.89999389648438
675, 0, 0.9756635787409218, 40, -249.1999969482422
switching patient
676, 6, 1.8, 15, -316.5
switching patient
677, 6, 2.9999999999999996, 30, 82.5
678, 4, 2.9999999999999996, 30, 84.5
679, 0, 2.6999999999999997, 25, 80.5
switching patient
680, 6, 0.8999999999999999, 50, 56.5
switching patient
681, 6, 1.2, 30, -33.0
682, 6, 0.8999999999999999, 35, -124.5999984741211
683, 4, 0.8999999999999999, 35, -50.5
switching patient
684, 0, 0.3, 5, -212.1999969482422
685, 1, 0.3, 5, -204.39999389648438
686, 3, 0.3, 5, -202.8000030517578
687, 3, 0.3, 5, -190.60000610351562
688, 3, 0.3, 5, -193.8000030517578
689, 3, 0.3, 5, -192.0
690, 0, 0.3, 5, -195.8000030517578
switching patient
691, 6, 0.5999999999999999, 15, -156.60000610351562
692, 6, 0.2999999999999999, 20, -326.70001220703125
693, 1, 0.2999999999999999, 15, -238.3000030517578
694, 0, 0.3, 10, -203.89999389648438
switching patient
695, 6, 2.6999999999999997, 45, -293.5
696, 6, 2.4, 50, -145.5
switching patient
697, 6, 1.2, 25, 0.30000001192092896
switching patient
698, 6, 2.6999999999999997, 50, -355.0
699, 6, 2.4, 50, -220.0
700, 6, 2.1, 50, -303.5
switching patient
701, 6, 0.5406379222739959, 20, -114.5
702, 6, 0.24063792227399589, 25, -295.79998779296875
703, 0, 0.3, 20, -233.8000030517578
704, 6, 0.3, 25, -284.0
switching patient
705, 6, 0.8999999999999999, 50, 28.5
switching patient
706, 6, 0.8999999999999999, 30, -2.4000000953674316
707, 6, 0.5999999999999999, 35, -127.5
switching patient
708, 6, 1.8, 15, 20.5
709, 6, 1.5, 20, 106.5
710, 6, 1.2, 25, 79.5
711, 5, 1.5, 25, 54.5
712, 6, 1.2, 30, -14.100000381469727
switching patient
713, 3, 2.1, 20, 86.0
switching patient
714, 0, 0.3, 5, -201.1999969482422
715, 0, 0.3, 5, -208.0
716, 3, 0.3, 5, -211.39999389648438
717, 3, 0.3, 5, -200.0
718, 0, 0.3, 5, -205.8000030517578
719, 3, 0.3, 5, -200.39999389648438
720, 3, 0.3, 5, -202.8000030517578
721, 3, 0.3, 5, -198.1999969482422
switching patient
722, 6, 1.5, 40, 33.79999923706055
723, 5, 1.8, 40, 12.5
724, 6, 1.5, 45, 40.400001525878906
725, 6, 1.2, 50, 15.899999618530273
726, 6, 0.8999999999999999, 50, -58.29999923706055
727, 6, 0.5999999999999999, 50, -135.1999969482422
728, 6, 0.2999999999999999, 50, -372.3999938964844
729, 6, 0.3, 50, -330.3999938964844
730, 6, 0.3, 50, -292.79998779296875
731, 6, 0.3, 50, -339.0
732, 6, 0.3, 50, -326.6000061035156
switching patient
733, 6, 0.8999999999999999, 30, -78.0999984741211
734, 6, 0.5999999999999999, 35, -182.89999389648438
735, 6, 0.2999999999999999, 40, -357.79998779296875
switching patient
736, 6, 4.7, 15, -364.0
switching patient
737, 6, 0.9756635787409218, 50, -220.39999389648438
switching patient
738, 6, 1.2, 25, -85.5
739, 6, 0.8999999999999999, 30, -16.600000381469727
740, 6, 0.5999999999999999, 35, 69.0999984741211
switching patient
741, 3, 0.8999999999999999, 50, -9.5
742, 3, 0.5999999999999999, 50, 37.900001525878906
743, 3, 0.2999999999999999, 50, -165.1999969482422
744, 3, 0.3, 50, -161.0
switching patient
745, 3, 2.6999999999999997, 30, 84.4000015258789
746, 3, 2.4, 30, -83.69999694824219
747, 3, 2.1, 30, -67.4000015258789
748, 3, 1.8, 30, -29.0
749, 3, 1.5, 30, -82.5999984741211
750, 3, 1.2, 30, -161.6999969482422
switching patient
751, 3, 0.8999999999999999, 30, -88.30000305175781
switching patient
752, 3, 0.9756635787409218, 50, -272.3999938964844
753, 3, 0.6756635787409218, 50, -346.8999938964844
754, 3, 0.37566357874092177, 50, -372.6000061035156
switching patient
755, 3, 1.2, 35, 70.4000015258789
756, 2, 1.5, 30, 30.200000762939453
757, 0, 1.2, 25, 32.70000076293945
switching patient
758, 3, 1.5, 25, 42.5
switching patient
759, 3, 1.8, 20, -289.5
760, 3, 1.5, 20, -272.0
761, 3, 1.2, 20, -142.5
762, 3, 0.8999999999999999, 20, -21.299999237060547
switching patient
763, 3, 1.5, 25, -1.5
switching patient
764, 3, 0.2999999999999999, 45, -365.20001220703125
switching patient
765, 3, 0.3, 10, -287.20001220703125
766, 6, 0.3, 15, -326.3999938964844
767, 6, 0.3, 20, -362.20001220703125
switching patient
768, 8, 5, 25, -376.5
769, 0, 4.7, 20, -388.5
770, 6, 4.4, 25, -350.5
771, 6, 4.1000000000000005, 30, -335.0
772, 6, 3.8000000000000007, 35, -281.5
773, 6, 3.500000000000001, 40, -258.0
774, 3, 3.200000000000001, 40, -242.0
switching patient
775, 3, 2.6999999999999997, 45, -3.5
switching patient
776, 6, 0.3, 15, -204.89999389648438
777, 4, 0.3, 15, -201.3000030517578
778, 6, 0.3, 20, -200.5
779, 6, 0.3, 25, -285.29998779296875
780, 6, 0.3, 30, -300.8999938964844
781, 6, 0.3, 35, -299.5
switching patient
782, 6, 0.5384632815135382, 30, -123.30000305175781
783, 6, 0.23846328151353818, 35, -284.8999938964844
784, 6, 0.3, 40, -240.3000030517578
785, 6, 0.3, 45, -260.8999938964844
786, 6, 0.3, 50, -335.8999938964844
787, 6, 0.3, 50, -261.70001220703125
switching patient
788, 6, 0.3, 50, -159.1999969482422
789, 6, 0.3, 50, -164.8000030517578
790, 6, 0.3, 50, -155.1999969482422
791, 6, 0.3, 50, -163.0
switching patient
792, 6, 0.3, 50, -251.6999969482422
793, 6, 0.3, 50, -357.29998779296875
switching patient
794, 6, 2.9131328924306725, 50, 102.5
switching patient
795, 6, 2.2255820665466093, 15, 144.5
796, 6, 1.9255820665466092, 20, -81.69999694824219
797, 6, 1.6255820665466092, 25, -76.0999984741211
switching patient
798, 6, 0.22428164543897738, 45, -297.20001220703125
799, 6, 0.3, 50, -197.6999969482422
800, 6, 0.3, 50, -191.89999389648438
801, 6, 0.3, 50, -210.89999389648438
switching patient
802, 6, 0.3, 30, -386.79998779296875
803, 6, 0.3, 35, -394.20001220703125
804, 6, 0.3, 40, -372.20001220703125
switching patient
805, 6, 1.4609903295210955, 35, -71.30000305175781
806, 6, 1.1609903295210955, 40, -96.30000305175781
807, 6, 0.8609903295210954, 45, -162.3000030517578
808, 6, 0.5609903295210954, 50, -327.8999938964844
809, 6, 0.2609903295210954, 50, -390.20001220703125
810, 6, 0.3, 50, -374.6000061035156
switching patient
811, 6, 0.8999999999999999, 30, -21.0
812, 6, 0.5999999999999999, 35, -21.299999237060547
switching patient
813, 6, 1.2, 35, -86.9000015258789
814, 6, 0.8999999999999999, 40, -72.5999984741211
815, 6, 0.5999999999999999, 45, -186.8000030517578
switching patient
816, 6, 1.0173760363924518, 33, -90.9000015258789
switching patient
817, 6, 0.3, 35, -256.6000061035156
818, 6, 0.3, 40, -311.3999938964844
switching patient
819, 6, 0.3, 50, -382.20001220703125
820, 6, 0.3, 50, -397.3999938964844
821, 6, 0.3, 50, -396.20001220703125
822, 6, 0.3, 50, -366.20001220703125
switching patient
823, 6, 2.1, 30, 4.099999904632568
switching patient
824, 6, 2.66956100595924, 50, -342.5
825, 6, 2.3695610059592402, 50, -213.0
switching patient
826, 6, 0.3, 50, -240.10000610351562
827, 6, 0.3, 50, -232.3000030517578
828, 6, 0.3, 50, -232.6999969482422
829, 6, 0.3, 50, -224.10000610351562
830, 6, 0.3, 50, -265.1000061035156
831, 6, 0.3, 50, -249.89999389648438
switching patient
832, 6, 0.8999999999999999, 45, -55.70000076293945
switching patient
833, 6, 1.2, 40, 70.5
switching patient
834, 6, 1.2, 50, 40.0
835, 6, 0.8999999999999999, 50, -64.80000305175781
836, 6, 0.5999999999999999, 50, -116.80000305175781
837, 3, 0.2999999999999999, 50, -284.70001220703125
838, 6, 0.3, 50, -281.70001220703125
839, 6, 0.3, 50, -307.5
840, 6, 0.3, 50, -282.29998779296875
841, 6, 0.3, 50, -319.8999938964844
switching patient
842, 6, 1.8355546231804964, 49, 56.5
843, 6, 1.5355546231804964, 50, -23.5
switching patient
844, 2, 1.5, 34, -17.5
switching patient
845, 3, 0.5999999999999999, 50, -178.1999969482422
switching patient
846, 3, 2.1, 50, -287.0
847, 6, 1.8, 50, -132.0
848, 3, 1.5, 50, -38.099998474121094
849, 3, 1.2, 50, 25.299999237060547
850, 3, 0.8999999999999999, 50, 68.9000015258789
851, 3, 0.5999999999999999, 50, -76.5999984741211
852, 3, 0.2999999999999999, 50, -259.70001220703125
853, 3, 0.3, 50, -272.1000061035156
854, 6, 0.3, 50, -273.5
switching patient
855, 6, 0.8999999999999999, 50, -93.19999694824219
856, 6, 0.5999999999999999, 50, -158.3000030517578
857, 6, 0.2999999999999999, 50, -336.29998779296875
858, 3, 0.3, 50, -325.1000061035156
859, 3, 0.3, 50, -345.8999938964844
860, 3, 0.3, 50, -341.29998779296875
switching patient
861, 3, 3.200000000000001, 45, -256.0
switching patient
862, 3, 0.3, 50, -294.70001220703125
863, 3, 0.3, 50, -333.29998779296875
864, 3, 0.3, 50, -377.70001220703125
865, 1, 0.3, 45, -262.70001220703125
866, 3, 0.3, 45, -320.1000061035156
867, 3, 0.3, 45, -337.29998779296875
868, 3, 0.3, 45, -356.8999938964844
869, 3, 0.3, 45, -260.8999938964844
870, 3, 0.3, 45, -235.89999389648438
871, 3, 0.3, 45, -289.70001220703125
872, 3, 0.3, 45, -284.29998779296875
873, 3, 0.3, 45, -314.29998779296875
874, 7, 0.3, 50, -317.1000061035156
switching patient
875, 7, 0.6, 50, 66.5
876, 3, 0.3, 50, -166.39999389648438
877, 3, 0.3, 50, -167.60000610351562
switching patient
878, 6, 1.8, 20, 4.5
879, 7, 1.8, 25, -1.5
880, 7, 1.8, 30, 36.5
switching patient
881, 7, 1.9255820665466092, 35, -111.0
882, 7, 1.9255820665466092, 40, -112.9000015258789
switching patient
883, 7, 1.5, 35, -50.5
884, 7, 1.5, 40, -21.899999618530273
885, 7, 1.5, 45, -46.5
886, 7, 1.5, 50, -51.79999923706055
887, 7, 1.5, 50, -44.599998474121094
888, 7, 1.5, 50, -42.0
889, 7, 1.5, 50, -42.0
890, 7, 1.5, 50, -42.29999923706055
switching patient
891, 7, 3.2131328924306723, 50, 50.5
892, 7, 3.2131328924306723, 50, -10.600000381469727
switching patient
893, 7, 0.6, 50, -84.0999984741211
switching patient
894, 7, 1.8, 35, -75.5
895, 7, 1.8, 40, -85.5
896, 7, 1.8, 45, -69.5
897, 7, 1.8, 50, -111.5
switching patient
898, 7, 2.1, 40, -39.5
899, 7, 2.1, 45, -23.5
900, 7, 2.1, 50, -21.5
901, 6, 1.8, 50, -51.5
902, 6, 1.5, 50, 96.5
903, 6, 1.2, 50, 104.19999694824219
904, 6, 0.8999999999999999, 50, -58.5
905, 6, 0.5999999999999999, 50, -163.6999969482422
906, 6, 0.2999999999999999, 50, -274.6000061035156
switching patient
907, 6, 1.9255820665466092, 50, -104.0999984741211
908, 6, 1.6255820665466092, 50, -104.5
switching patient
909, 3, 1.5355546231804964, 50, -53.5
910, 3, 1.2355546231804964, 50, -44.0
911, 6, 0.9355546231804963, 50, -111.5
switching patient
912, 6, 1.8, 50, -67.5
913, 6, 1.5, 50, 8.5
914, 3, 1.2, 50, 52.5
915, 4, 1.2, 50, 66.5999984741211
916, 3, 0.8999999999999999, 50, 40.599998474121094
switching patient
917, 6, 1.8, 15, 13.5
918, 6, 1.5, 20, -34.599998474121094
919, 6, 1.2, 25, -126.19999694824219
920, 6, 0.8999999999999999, 30, -158.60000610351562
switching patient
921, 6, 0.3, 50, -166.1999969482422
922, 6, 0.3, 50, -155.60000610351562
switching patient
923, 6, 0.3, 50, -247.5
924, 6, 0.3, 50, -236.5
switching patient
925, 6, 1.0173760363924518, 43, -64.9000015258789
926, 6, 0.7173760363924517, 48, -86.0
switching patient
927, 6, 1.5, 35, 22.5
928, 6, 1.2, 40, 7.599999904632568
929, 6, 0.8999999999999999, 45, -60.900001525878906
930, 6, 0.5999999999999999, 50, -136.6999969482422
931, 6, 0.2999999999999999, 50, -309.6000061035156
932, 6, 0.3, 50, -265.79998779296875
933, 6, 0.3, 50, -355.3999938964844
934, 6, 0.3, 50, -304.6000061035156
935, 6, 0.3, 50, -311.79998779296875
switching patient
936, 3, 2.9638961774324004, 10, -16.700000762939453
switching patient
937, 6, 0.3, 50, -276.0
938, 6, 0.3, 50, -326.79998779296875
939, 1, 0.3, 45, -306.20001220703125
940, 6, 0.3, 50, -312.0
941, 6, 0.3, 50, -348.79998779296875
942, 6, 0.3, 50, -326.6000061035156
943, 6, 0.3, 50, -347.0
switching patient
944, 6, 2.4, 50, -131.5
switching patient
945, 6, 2.1, 40, 57.400001525878906
946, 6, 1.8, 45, -44.0
947, 1, 1.8, 40, -90.80000305175781
switching patient
948, 6, 1.5, 35, 24.600000381469727
switching patient
949, 6, 0.5999999999999999, 45, 21.0
950, 6, 0.2999999999999999, 50, -182.89999389648438
951, 6, 0.3, 50, -195.6999969482422
switching patient
952, 6, 1.2, 30, -0.10000000149011612
953, 6, 0.8999999999999999, 35, -9.399999618530273
954, 6, 0.5999999999999999, 40, -85.4000015258789
switching patient
955, 3, 1.8, 15, -10.199999809265137
956, 6, 1.5, 20, -124.9000015258789
switching patient
957, 6, 1.6255820665466092, 50, -91.69999694824219
958, 6, 1.3255820665466092, 50, -165.8000030517578
959, 6, 1.025582066546609, 50, -231.6999969482422
960, 6, 0.7255820665466091, 50, -336.3999938964844
961, 6, 0.4255820665466091, 50, -369.79998779296875
962, 6, 0.12558206654660908, 50, -373.79998779296875
963, 6, 0.3, 50, -365.29998779296875
switching patient
964, 6, 0.8999999999999999, 50, 30.600000381469727
965, 6, 0.5999999999999999, 50, -129.8000030517578
966, 6, 0.2999999999999999, 50, -237.3000030517578
switching patient
967, 6, 0.3, 20, -288.1000061035156
968, 6, 0.3, 25, -288.29998779296875
switching patient
969, 6, 0.3, 50, -257.1000061035156
switching patient
970, 6, 0.2999999999999999, 50, -343.6000061035156
971, 6, 0.3, 50, -312.0
972, 6, 0.3, 50, -325.0
973, 6, 0.3, 50, -374.6000061035156
switching patient
974, 6, 0.3, 50, -367.20001220703125
975, 6, 0.3, 50, -369.20001220703125
switching patient
976, 3, 0.3, 40, -225.10000610351562
977, 3, 0.3, 40, -301.8999938964844
978, 6, 0.3, 45, -293.5
979, 3, 0.3, 45, -323.8999938964844
980, 3, 0.3, 45, -328.29998779296875
switching patient
981, 3, 0.3, 50, -350.0
982, 3, 0.3, 50, -338.6000061035156
switching patient
983, 3, 0.2999999999999999, 50, -257.20001220703125
984, 3, 0.3, 50, -267.20001220703125
switching patient
985, 3, 0.5999999999999999, 50, 24.899999618530273
switching patient
986, 3, 1.5, 50, -23.0
987, 3, 1.2, 50, 8.199999809265137
988, 3, 0.8999999999999999, 50, 6.300000190734863
989, 6, 0.5999999999999999, 50, -115.19999694824219
switching patient
990, 6, 0.7173760363924517, 50, -102.80000305175781
991, 6, 0.41737603639245174, 50, -268.20001220703125
992, 6, 0.11737603639245175, 50, -413.20001220703125
switching patient
993, 6, 2.3695610059592402, 50, -203.0
994, 6, 2.0695610059592404, 50, -236.0
995, 6, 1.7695610059592404, 50, -87.5
switching patient
996, 6, 0.3, 15, -247.0
997, 6, 0.3, 20, -354.79998779296875
switching patient
998, 6, 1.5, 35, 42.5
999, 6, 1.2, 40, 31.5
New Experiment - Num episodes: 1000
iteration, action, basal, carb, reward
switching patient
0, 4, 0.5999999999999999, 39, -100.30000305175781
1, 0, 0.2999999999999999, 34, -250.5
2, 3, 0.3, 34, -318.1000061035156
switching patient
3, 1, 1.201368177058328, 17, -112.4000015258789
switching patient
4, 5, 1.2, 15, 92.5
5, 5, 1.5, 15, -22.399999618530273
6, 8, 1.8, 20, 49.0
7, 5, 2.1, 20, 12.5
8, 7, 2.1, 25, 20.5
9, 5, 2.4, 25, -13.5
switching patient
10, 3, 0.3, 10, -156.0
11, 6, 0.3, 15, -183.39999389648438
12, 1, 0.3, 10, -166.39999389648438
13, 6, 0.3, 15, -182.8000030517578
switching patient
14, 1, 0.6, 5, -34.599998474121094
15, 5, 0.8999999999999999, 5, 118.5
switching patient
16, 2, 0.6067362708108488, 1, -194.89999389648438
17, 5, 0.9067362708108488, 1, -102.69999694824219
18, 8, 1.2067362708108489, 6, -120.69999694824219
19, 7, 1.2067362708108489, 11, -121.5
20, 2, 1.506736270810849, 6, 86.0
switching patient
21, 4, 1.3206952496526017, 25, 64.5
switching patient
22, 1, 1.2, 15, -121.5
23, 4, 1.2, 15, -105.5
24, 0, 0.8999999999999999, 10, -107.5
25, 1, 0.8999999999999999, 5, -171.0
26, 2, 1.2, 5, -267.5
27, 2, 1.5, 5, -376.5
28, 1, 1.5, 5, -350.0
29, 0, 1.2, 5, -274.5
switching patient
30, 3, 0.3, 10, -144.10000610351562
31, 4, 0.3, 10, -155.10000610351562
switching patient
32, 6, 0.3, 15, -224.0
33, 8, 0.6, 20, -158.39999389648438
switching patient
34, 8, 1.8, 15, -320.0
35, 3, 1.5, 15, -260.5
36, 8, 1.8, 20, -311.0
37, 6, 1.5, 25, -250.0
38, 3, 1.2, 25, -89.5
switching patient
39, 0, 0.3, 5, 95.0999984741211
40, 5, 0.6, 5, 14.199999809265137
41, 5, 0.8999999999999999, 5, -82.5
42, 5, 1.2, 5, -108.5
43, 2, 1.5, 5, -165.0
44, 5, 1.8, 5, -228.5
switching patient
45, 4, 1.2, 10, 144.5
46, 8, 1.5, 15, 25.700000762939453
47, 6, 1.2, 20, 63.900001525878906
switching patient
48, 5, 2.9999999999999996, 30, -99.5
49, 5, 3.2999999999999994, 30, -178.0
50, 4, 3.2999999999999994, 30, -202.0
51, 7, 3.2999999999999994, 35, -158.0
switching patient
52, 5, 1.5148989054010291, 18, -7.5
53, 1, 1.5148989054010291, 13, -31.5
switching patient
54, 4, 0.6, 15, 125.0
55, 5, 0.8999999999999999, 15, 10.399999618530273
switching patient
56, 5, 2.696218553290436, 50, -472.0
switching patient
57, 5, 0.8999999999999999, 10, 65.5999984741211
switching patient
58, 3, 0.3, 9, -221.60000610351562
switching patient
59, 5, 0.8999999999999999, 14, -135.60000610351562
60, 5, 1.2, 14, -67.4000015258789
61, 5, 1.5, 14, 57.400001525878906
62, 5, 1.8, 14, 26.899999618530273
switching patient
63, 0, 0.2585496655863538, 15, -223.60000610351562
64, 5, 0.5585496655863538, 15, -164.10000610351562
switching patient
65, 5, 0.8999999999999999, 10, -80.4000015258789
switching patient
66, 5, 0.8999999999999999, 20, -55.70000076293945
67, 5, 1.2, 20, 144.5
switching patient
68, 1, 0.7872790165905672, 5, -2.5
69, 0, 0.4872790165905672, 5, -0.10000000149011612
switching patient
70, 4, 2.996218553290436, 50, -523.0
switching patient
71, 5, 2.4, 19, 52.5
72, 5, 2.6999999999999997, 19, -9.5
73, 8, 2.9999999999999996, 24, -43.5
74, 6, 2.6999999999999997, 29, 14.5
75, 5, 2.9999999999999996, 29, -63.5
switching patient
76, 5, 1.6920691719500183, 40, 2.799999952316284
77, 3, 1.3920691719500182, 40, 22.200000762939453
78, 5, 1.6920691719500183, 40, 8.5
switching patient
79, 2, 0.8999999999999999, 15, 144.5
80, 5, 1.2, 15, -91.5
81, 5, 1.5, 15, -63.5
82, 4, 1.5, 15, -63.5
83, 4, 1.5, 15, -43.5
84, 5, 1.8, 15, -155.5
85, 4, 1.8, 15, -157.5
86, 6, 1.5, 20, -23.5
87, 5, 1.8, 20, -127.5
88, 8, 2.1, 25, -271.5
switching patient
89, 4, 0.6660368144830564, 18, -130.10000610351562
90, 1, 0.6660368144830564, 13, -128.5
91, 2, 0.9660368144830564, 8, 30.5
92, 0, 0.6660368144830564, 3, -90.5999984741211
93, 4, 0.6660368144830564, 3, 12.199999809265137
94, 1, 0.6660368144830564, 5, 10.100000381469727
95, 5, 0.9660368144830564, 5, 56.5
switching patient
96, 0, 2.1, 25, -281.5
switching patient
97, 2, 1.8, 20, 26.5
98, 4, 1.8, 20, 15.399999618530273
99, 5, 2.1, 20, 6.5
100, 8, 2.4, 25, -45.5
101, 7, 2.4, 30, -51.5
102, 3, 2.1, 30, -11.5
switching patient
103, 2, 0.8999999999999999, 5, -150.60000610351562
104, 2, 1.2, 5, -84.30000305175781
switching patient
105, 2, 0.8999999999999999, 5, -153.3000030517578
switching patient
106, 2, 1.2, 20, 144.5
107, 5, 1.5, 20, 54.5
108, 5, 1.8, 20, 18.5
109, 8, 2.1, 25, -57.5
110, 7, 2.1, 30, -21.5
111, 3, 1.8, 30, 14.5
112, 2, 2.1, 25, -31.5
switching patient
113, 2, 1.033683283802887, 12, 9.0
114, 4, 1.033683283802887, 12, 19.5
115, 5, 1.3336832838028871, 12, -70.69999694824219
116, 7, 1.3336832838028871, 17, -30.5
117, 4, 1.3336832838028871, 17, -39.099998474121094
118, 3, 1.033683283802887, 17, 15.800000190734863
119, 8, 1.3336832838028871, 22, -35.29999923706055
120, 5, 1.6336832838028872, 22, -97.0
121, 2, 1.9336832838028872, 17, -239.5
switching patient
122, 5, 0.8999999999999999, 10, -182.3000030517578
123, 2, 1.2, 5, -135.0
124, 5, 1.5, 5, 30.100000381469727
125, 2, 1.8, 5, 128.89999389648438
126, 2, 2.1, 5, 108.5
127, 2, 2.4, 5, 50.5
switching patient
128, 5, 1.9206952496526017, 30, -39.5
switching patient
129, 2, 0.8999999999999999, 5, -121.0
130, 0, 0.5999999999999999, 5, -57.5
switching patient
131, 2, 1.8, 5, 144.5
switching patient
132, 4, 1.2, 15, 44.5
133, 2, 1.5, 10, -23.5
switching patient
134, 2, 1.1585496655863539, 15, 88.5999984741211
135, 2, 1.458549665586354, 10, -21.5
switching patient
136, 4, 1.568048456728114, 49, -94.0
switching patient
137, 6, 1.8, 15, -157.0
138, 0, 1.5, 10, -98.0
139, 3, 1.2, 10, -26.0
140, 8, 1.5, 15, -43.5
141, 4, 1.5, 15, -41.5
142, 5, 1.8, 15, -147.5
switching patient
143, 5, 2.106736270810849, 11, 144.5
144, 5, 2.406736270810849, 11, 46.5
145, 7, 2.406736270810849, 16, -35.5
146, 4, 2.406736270810849, 16, 48.5
147, 5, 2.7067362708108487, 16, 42.5
switching patient
148, 6, 2.9999999999999996, 39, -55.5
149, 6, 2.6999999999999997, 44, 38.5
switching patient
150, 5, 0.843790037780719, 16, -349.29998779296875
151, 2, 1.143790037780719, 11, -286.8999938964844
152, 5, 1.4437900377807191, 11, -197.10000610351562
153, 5, 1.7437900377807192, 11, -224.0
switching patient
154, 5, 1.8, 25, 6.5
switching patient
155, 2, 2.4, 5, -23.5
switching patient
156, 7, 2.1, 35, -75.5
157, 0, 1.8, 30, -35.5
switching patient
158, 6, 3.2999999999999994, 45, -172.0
159, 6, 2.9999999999999996, 50, -87.5
160, 6, 2.6999999999999997, 50, 2.5
161, 6, 2.4, 50, -19.399999618530273
162, 1, 2.4, 45, 24.5
switching patient
163, 5, 0.8999999999999999, 10, 116.5
164, 5, 1.2, 10, -39.29999923706055
165, 5, 1.5, 10, -119.5
switching patient
166, 7, 0.6, 44, -91.80000305175781
167, 5, 0.8999999999999999, 44, 55.70000076293945
168, 5, 1.2, 44, 60.5
169, 5, 1.5, 44, -13.5
170, 7, 1.5, 49, 16.5
171, 3, 1.2, 49, 50.5
switching patient
172, 2, 0.8999999999999999, 3, -21.5
173, 6, 0.5999999999999999, 8, 102.9000015258789
174, 4, 0.5999999999999999, 8, 119.80000305175781
switching patient
175, 5, 0.8999999999999999, 10, -133.6999969482422
176, 5, 1.2, 10, -88.19999694824219
switching patient
177, 6, 1.933683283802887, 27, -222.5
178, 3, 1.633683283802887, 27, -83.69999694824219
switching patient
179, 5, 1.2, 13, 62.5
180, 5, 1.5, 13, -28.399999618530273
181, 5, 1.8, 13, -84.0
182, 3, 1.5, 13, -7.5
switching patient
183, 5, 2.4972598126254884, 45, -275.5
switching patient
184, 6, 1.8, 25, -123.5
switching patient
185, 6, 1.743790037780719, 21, -230.60000610351562
186, 5, 2.043790037780719, 21, -194.89999389648438
switching patient
187, 6, 1.5, 20, 3.5
switching patient
188, 5, 2.9999999999999996, 10, -3.5
189, 5, 3.2999999999999994, 10, -21.5
switching patient
190, 7, 2.797259812625488, 50, -294.0
191, 5, 3.097259812625488, 50, -342.5
192, 6, 2.797259812625488, 50, -240.0
193, 7, 2.797259812625488, 50, -287.0
194, 3, 2.4972598126254884, 50, -269.0
switching patient
195, 5, 0.8999999999999999, 10, -166.1999969482422
196, 5, 1.2, 10, -124.5
197, 5, 1.5, 10, -71.30000305175781
switching patient
198, 3, 1.2, 30, -53.5
199, 8, 1.5, 35, -230.0
switching patient
200, 5, 0.8999999999999999, 10, -107.69999694824219
switching patient
201, 5, 0.9960181141395124, 14, 115.9000015258789
switching patient
202, 2, 1.0872790165905672, 5, -128.0
switching patient
203, 5, 1.5, 10, -84.30000305175781
204, 5, 1.8, 10, -23.200000762939453
switching patient
205, 3, 1.458549665586354, 15, 20.5
206, 3, 1.1585496655863539, 15, 80.80000305175781
207, 5, 1.458549665586354, 15, 70.5
switching patient
208, 5, 0.8999999999999999, 10, -175.6999969482422
209, 5, 1.2, 10, -113.30000305175781
switching patient
210, 3, 0.8999999999999999, 20, 2.0999999046325684
211, 5, 1.2, 20, -7.5
switching patient
212, 5, 1.5, 15, 10.5
switching patient
213, 3, 1.6920691719500183, 45, 0.5
214, 3, 1.3920691719500182, 45, 42.20000076293945
215, 8, 1.6920691719500183, 50, 2.5
switching patient
216, 3, 2.1, 30, -259.5
217, 3, 1.8, 30, -87.5
switching patient
218, 3, 1.568048456728114, 50, -88.0
219, 3, 1.268048456728114, 50, -9.5
switching patient
220, 6, 0.3, 20, -181.10000610351562
221, 2, 0.6, 15, 62.599998474121094
222, 0, 0.3, 10, -20.799999237060547
223, 1, 0.3, 5, -63.0
switching patient
224, 0, 0.3, 5, 30.200000762939453
225, 0, 0.3, 5, 10.199999809265137
226, 4, 0.3, 5, -81.5
227, 2, 0.6, 5, 16.5
228, 8, 0.8999999999999999, 10, 46.5
switching patient
229, 2, 0.8999999999999999, 5, 41.0
230, 0, 0.5999999999999999, 5, 79.69999694824219
231, 8, 0.8999999999999999, 10, 80.5
232, 0, 0.5999999999999999, 5, 51.599998474121094
233, 1, 0.5999999999999999, 5, 19.100000381469727
234, 0, 0.2999999999999999, 5, -10.699999809265137
235, 2, 0.5999999999999999, 5, 88.69999694824219
switching patient
236, 3, 1.5, 15, -23.5
switching patient
237, 7, 1.2660368144830565, 15, 72.5
238, 0, 0.9660368144830564, 10, 131.5
switching patient
239, 3, 1.5, 20, -9.800000190734863
switching patient
240, 0, 0.9960181141395124, 14, 84.69999694824219
241, 2, 1.2960181141395124, 9, -71.5
242, 0, 0.9960181141395124, 4, 12.5
switching patient
243, 6, 1.8, 40, -29.5
244, 0, 1.5, 35, 24.5
switching patient
245, 8, 2.1, 45, -360.5
switching patient
246, 2, 0.8999999999999999, 5, -112.0
247, 0, 0.5999999999999999, 5, -14.199999809265137
248, 0, 0.2999999999999999, 5, -3.700000047683716
249, 4, 0.2999999999999999, 5, -16.700000762939453
250, 0, 0.3, 5, -7.400000095367432
switching patient
251, 0, 1.5, 13, -13.5
switching patient
252, 0, 2.7067362708108487, 16, 46.5
switching patient
253, 0, 0.5999999999999999, 5, -18.0
254, 0, 0.2999999999999999, 5, 13.199999809265137
switching patient
255, 5, 2.9999999999999996, 50, -93.5
256, 3, 2.6999999999999997, 50, -85.5
257, 0, 2.4, 45, -37.099998474121094
switching patient
258, 4, 3.0067362708108485, 21, 10.5
switching patient
259, 6, 2.996218553290436, 50, -500.0
260, 6, 2.696218553290436, 50, -449.5
261, 6, 2.3962185532904363, 50, -374.0
switching patient
262, 6, 1.8, 35, -114.5
263, 3, 1.5, 35, -29.5
264, 3, 1.2, 35, 23.5
switching patient
265, 4, 1.8, 15, -92.0999984741211
266, 2, 2.1, 10, 144.5
267, 2, 2.4, 5, -41.5
268, 3, 2.1, 5, 56.5
269, 3, 1.8, 5, 124.9000015258789
270, 3, 1.5, 5, 105.5
271, 2, 1.8, 5, 144.5
272, 0, 1.5, 5, 109.4000015258789
switching patient
273, 2, 0.8999999999999999, 5, 36.5
274, 5, 1.2, 5, -51.0
switching patient
275, 2, 0.8999999999999999, 5, 87.0999984741211
276, 0, 0.5999999999999999, 5, 4.5
switching patient
277, 2, 1.5, 10, 25.600000381469727
switching patient
278, 3, 1.0107451677093091, 21, -57.5
279, 7, 1.0107451677093091, 26, 56.5
280, 0, 0.7107451677093091, 21, -6.300000190734863
281, 2, 1.0107451677093091, 16, -177.5
282, 3, 0.7107451677093091, 16, 80.80000305175781
283, 2, 1.0107451677093091, 11, -3.5
284, 3, 0.7107451677093091, 11, 144.5
switching patient
285, 6, 2.4972598126254884, 50, -257.5
switching patient
286, 5, 0.8999999999999999, 10, -0.4000000059604645
switching patient
287, 7, 2.1, 40, -239.5
288, 3, 1.8, 40, -87.5
289, 3, 1.5, 40, -7.5
290, 3, 1.2, 40, -90.5999984741211
291, 0, 0.8999999999999999, 35, 13.199999809265137
292, 2, 1.2, 30, -25.5
293, 0, 0.8999999999999999, 25, 47.0
switching patient
294, 5, 1.5, 30, 20.5
295, 0, 1.2, 25, 0.5
switching patient
296, 2, 0.8999999999999999, 5, -153.1999969482422
switching patient
297, 2, 1.5, 5, 82.0999984741211
switching patient
298, 3, 1.5, 25, 8.5
299, 3, 1.2, 25, 24.5
300, 0, 0.8999999999999999, 20, 91.19999694824219
301, 5, 1.2, 20, 34.900001525878906
302, 5, 1.5, 20, 24.5
303, 0, 1.2, 15, 40.5
304, 5, 1.5, 15, -21.5
305, 1, 1.5, 10, -25.5
switching patient
306, 0, 0.8999999999999999, 10, 2.5999999046325684
switching patient
307, 3, 0.8999999999999999, 15, -8.399999618530273
308, 0, 0.5999999999999999, 10, 144.5
309, 5, 0.8999999999999999, 10, -8.5
switching patient
310, 0, 2.1, 25, -17.5
311, 3, 1.8, 25, 32.5
312, 0, 1.5, 20, -3.5
switching patient
313, 1, 3.4620242161645507, 45, -529.5
switching patient
314, 1, 2.9999999999999996, 44, -13.5
315, 3, 2.6999999999999997, 44, 38.5
switching patient
316, 0, 1.2, 5, -43.5
switching patient
317, 3, 1.2, 10, -93.5
318, 0, 0.8999999999999999, 5, 68.5
319, 0, 0.5999999999999999, 5, -45.79999923706055
320, 0, 0.2999999999999999, 5, -132.1999969482422
321, 8, 0.5999999999999999, 10, -131.10000610351562
322, 5, 0.8999999999999999, 10, 95.0999984741211
switching patient
323, 5, 1.2, 10, 4.099999904632568
324, 0, 0.8999999999999999, 5, 22.0
325, 0, 0.5999999999999999, 5, 1.2999999523162842
326, 0, 0.2999999999999999, 5, -55.79999923706055
327, 8, 0.5999999999999999, 10, -21.899999618530273
328, 8, 0.8999999999999999, 15, 93.80000305175781
329, 0, 0.5999999999999999, 10, -34.900001525878906
switching patient
330, 3, 0.9960181141395124, 9, 144.5
switching patient
331, 3, 1.458549665586354, 20, 96.5
332, 0, 1.1585496655863539, 15, 92.5
333, 8, 1.458549665586354, 20, 34.5
334, 1, 1.458549665586354, 15, 0.5
335, 0, 1.1585496655863539, 10, 144.5
336, 1, 1.1585496655863539, 5, 0.5
337, 0, 0.8585496655863538, 5, 115.5
338, 0, 0.5585496655863538, 5, -101.0
switching patient
339, 0, 1.5, 35, 62.5
340, 0, 1.2, 30, 91.19999694824219
341, 8, 1.5, 35, 40.5
342, 0, 1.2, 30, 121.0999984741211
343, 0, 0.8999999999999999, 25, -114.19999694824219
switching patient
344, 8, 0.8999999999999999, 15, 8.5
345, 8, 1.2, 20, -16.0
346, 0, 0.8999999999999999, 15, 28.5
347, 0, 0.5999999999999999, 10, 76.80000305175781
348, 0, 0.2999999999999999, 5, 9.5
349, 0, 0.3, 5, -39.099998474121094
switching patient
350, 0, 0.3, 5, -0.6000000238418579
switching patient
351, 0, 2.4, 5, -11.5
switching patient
352, 4, 1.501368177058328, 22, -124.5999984741211
353, 8, 1.801368177058328, 27, -41.400001525878906
354, 4, 1.801368177058328, 27, -105.0999984741211
switching patient
355, 6, 2.4972598126254884, 50, -277.5
356, 0, 2.1972598126254885, 45, -158.0
357, 3, 1.8972598126254885, 45, -57.5
358, 3, 1.5972598126254884, 45, 22.5
switching patient
359, 0, 0.3, 5, -39.099998474121094
switching patient
360, 0, 3.4620242161645507, 45, -529.5
361, 6, 3.162024216164551, 50, -529.5
362, 0, 2.862024216164551, 45, -507.0
switching patient
363, 5, 1.5, 15, 6.5
364, 0, 1.2, 10, 144.5
365, 5, 1.5, 10, -61.5
switching patient
366, 4, 1.8, 15, -77.5
367, 0, 1.5, 10, -19.5
368, 3, 1.2, 10, 14.5
369, 3, 0.8999999999999999, 10, 92.5
switching patient
370, 3, 1.5, 15, 112.5
switching patient
371, 0, 2.1, 45, -327.0
372, 5, 2.4, 45, -383.0
373, 0, 2.1, 40, -378.0
374, 0, 1.8, 35, -239.5
375, 0, 1.5, 30, -236.0
switching patient
376, 5, 1.2, 15, 48.5
377, 5, 1.5, 15, 18.5
378, 0, 1.2, 10, 22.5
379, 1, 1.2, 5, -76.0
380, 3, 0.8999999999999999, 5, 0.0
381, 3, 0.5999999999999999, 5, 27.299999237060547
switching patient
382, 3, 0.7107451677093091, 16, 93.80000305175781
switching patient
383, 3, 2.6999999999999997, 49, 28.799999237060547
switching patient
384, 3, 3.0067362708108485, 26, 22.5
385, 3, 2.7067362708108487, 26, 50.5
386, 3, 2.406736270810849, 26, 30.5
387, 5, 2.7067362708108487, 26, -12.100000381469727
388, 3, 2.406736270810849, 26, 32.5
389, 5, 2.7067362708108487, 26, 22.5
390, 3, 2.406736270810849, 26, -3.5
391, 3, 2.106736270810849, 26, 21.0
switching patient
392, 8, 0.8999999999999999, 15, -83.0
switching patient
393, 3, 0.3, 10, -120.69999694824219
394, 5, 0.6, 10, 128.89999389648438
395, 5, 0.8999999999999999, 10, -9.399999618530273
396, 3, 0.5999999999999999, 10, 122.4000015258789
switching patient
397, 3, 2.3962185532904363, 50, -394.5
398, 3, 2.0962185532904365, 50, -350.0
399, 6, 1.7962185532904364, 50, -231.5
400, 3, 1.4962185532904364, 50, -242.0
401, 3, 1.1962185532904364, 50, -69.5
402, 3, 0.8962185532904363, 50, 15.0
403, 3, 0.5962185532904363, 50, 49.900001525878906
404, 5, 0.8962185532904363, 50, 18.799999237060547
405, 5, 1.1962185532904364, 50, -45.5
406, 3, 0.8962185532904363, 50, 36.5
switching patient
407, 5, 2.9999999999999996, 10, 40.5
switching patient
408, 3, 0.9660368144830564, 15, 73.0
409, 5, 1.2660368144830565, 15, 134.5
410, 5, 1.5660368144830565, 15, -37.5
411, 3, 1.2660368144830565, 15, 130.5
412, 5, 1.5660368144830565, 15, -33.5
413, 3, 1.2660368144830565, 15, 140.5
switching patient
414, 1, 0.8999999999999999, 5, 14.0
switching patient
415, 3, 0.8962185532904363, 50, 28.299999237060547
switching patient
416, 3, 0.8999999999999999, 15, 38.5
417, 5, 1.2, 15, 16.5
418, 7, 1.2, 20, 26.5
419, 0, 0.8999999999999999, 15, 3.700000047683716
switching patient
420, 3, 0.8999999999999999, 15, 144.5
switching patient
421, 3, 1.6920691719500183, 50, -7.5
422, 3, 1.3920691719500182, 50, 52.5
423, 0, 1.0920691719500182, 45, 94.5
switching patient
424, 5, 1.8, 15, 14.5
425, 5, 2.1, 15, 102.9000015258789
426, 5, 2.4, 15, 56.5
427, 5, 2.6999999999999997, 15, 35.5
428, 0, 2.4, 10, 18.399999618530273
429, 5, 2.6999999999999997, 10, 12.199999809265137
430, 4, 2.6999999999999997, 10, 30.5
431, 0, 2.4, 5, -23.5
432, 3, 2.1, 5, 66.5
433, 4, 2.1, 5, 100.5
switching patient
434, 3, 1.2, 40, 34.5
435, 0, 0.8999999999999999, 35, 52.20000076293945
436, 8, 1.2, 40, 31.799999237060547
437, 3, 0.8999999999999999, 40, 60.79999923706055
switching patient
438, 3, 1.2, 30, -1.5
439, 5, 1.5, 30, -33.5
440, 3, 1.2, 30, -17.5
441, 0, 0.8999999999999999, 25, 45.70000076293945
switching patient
442, 3, 1.5, 25, 6.099999904632568
443, 3, 1.2, 25, -11.5
444, 2, 1.5, 20, 116.5
switching patient
445, 5, 0.8999999999999999, 10, 131.5
446, 5, 1.2, 10, 68.5
447, 0, 0.8999999999999999, 5, 98.5
448, 3, 0.5999999999999999, 5, 23.5
449, 4, 0.5999999999999999, 5, 2.5999999046325684
450, 8, 0.8999999999999999, 10, 125.0
451, 8, 1.2, 15, 70.5
452, 3, 0.8999999999999999, 15, 32.70000076293945
453, 7, 0.8999999999999999, 20, -37.5
454, 5, 1.2, 20, 74.5
switching patient
455, 0, 1.5972598126254884, 45, 18.5
456, 3, 1.2972598126254884, 45, 23.200000762939453
switching patient
457, 8, 1.5, 20, 34.70000076293945
458, 8, 1.8, 25, 30.5
459, 3, 1.5, 25, 100.5
460, 0, 1.2, 20, 73.19999694824219
461, 8, 1.5, 25, 32.5
switching patient
462, 3, 1.0872790165905672, 10, -35.5
463, 3, 0.7872790165905672, 10, 96.5
464, 3, 0.4872790165905672, 10, 65.19999694824219
465, 0, 0.18727901659056723, 5, -82.0
466, 8, 0.4872790165905672, 10, 11.899999618530273
switching patient
467, 0, 0.7107451677093091, 16, 87.30000305175781
468, 5, 1.0107451677093091, 16, -105.5
469, 3, 0.7107451677093091, 16, 84.69999694824219
470, 5, 1.0107451677093091, 16, -97.5
471, 3, 0.7107451677093091, 16, 87.30000305175781
switching patient
472, 3, 1.5, 18, -3.5
473, 3, 1.2, 18, 34.400001525878906
switching patient
474, 3, 1.9206952496526017, 35, -67.5
475, 3, 1.6206952496526017, 35, 16.5
476, 3, 1.3206952496526017, 35, 13.199999809265137
477, 5, 1.6206952496526017, 35, -3.5
478, 0, 1.3206952496526017, 30, 64.5
479, 0, 1.0206952496526016, 25, 21.100000381469727
switching patient
480, 1, 1.5, 20, -76.0
481, 3, 1.2, 20, -10.5
switching patient
482, 5, 1.8, 50, -79.5
483, 3, 1.5, 50, 8.0
484, 3, 1.2, 50, 68.5
switching patient
485, 3, 1.5, 20, 8.5
486, 3, 1.2, 20, 42.5
switching patient
487, 8, 2.1, 25, -11.5
488, 4, 2.1, 25, 8.5
489, 3, 1.8, 25, 10.5
switching patient
490, 8, 0.8999999999999999, 15, 18.5
switching patient
491, 3, 1.2, 25, 24.899999618530273
492, 8, 1.5, 30, -29.399999618530273
switching patient
493, 8, 0.8999999999999999, 15, 8.5
494, 0, 0.5999999999999999, 10, 102.69999694824219
switching patient
495, 0, 2.862024216164551, 45, -505.5
496, 0, 2.5620242161645512, 40, -451.0
switching patient
497, 0, 0.8999999999999999, 15, -33.70000076293945
498, 8, 1.2, 20, -10.300000190734863
switching patient
499, 8, 2.1, 30, -7.5
500, 3, 1.8, 30, 23.799999237060547
501, 0, 1.5, 25, -33.20000076293945
502, 8, 1.8, 30, 12.5
switching patient
503, 3, 0.7107451677093091, 21, -10.199999809265137
504, 7, 0.7107451677093091, 26, -58.29999923706055
505, 8, 1.0107451677093091, 31, 102.5
506, 0, 0.7107451677093091, 26, -66.0999984741211
507, 2, 1.0107451677093091, 21, -14.100000381469727
508, 2, 1.3107451677093092, 16, -5.5
509, 0, 1.0107451677093091, 11, -57.5
510, 3, 0.7107451677093091, 11, 132.8000030517578
switching patient
511, 0, 1.633683283802887, 27, -81.5
512, 3, 1.333683283802887, 27, -18.5
513, 3, 1.0336832838028869, 27, 1.5
514, 0, 0.7336832838028868, 22, -13.800000190734863
switching patient
515, 3, 1.5, 30, 42.0
switching patient
516, 3, 0.8999999999999999, 20, 66.5
517, 7, 0.8999999999999999, 25, 42.0
switching patient
518, 7, 3.2999999999999994, 20, 34.5
519, 3, 2.9999999999999996, 20, 44.5
switching patient
520, 0, 0.8999999999999999, 25, 92.5
521, 5, 1.2, 25, 56.5
switching patient
522, 3, 0.8962185532904363, 50, 3.5999999046325684
523, 7, 0.8962185532904363, 50, 44.5
524, 7, 0.8962185532904363, 50, 8.199999809265137
switching patient
525, 7, 1.5, 20, -3.700000047683716
526, 5, 1.8, 20, 104.5
527, 5, 2.1, 20, -17.5
switching patient
528, 7, 1.3920691719500182, 50, 29.899999618530273
529, 7, 1.3920691719500182, 50, 9.800000190734863
530, 1, 1.3920691719500182, 45, 42.5
switching patient
531, 2, 2.6437900377807186, 21, -78.5999984741211
532, 2, 2.9437900377807185, 16, -103.0999984741211
533, 3, 2.6437900377807186, 16, -90.0999984741211
534, 2, 2.9437900377807185, 11, -86.9000015258789
switching patient
535, 5, 0.8999999999999999, 10, 0.5
536, 3, 0.5999999999999999, 10, 80.5
537, 7, 0.5999999999999999, 15, 140.60000610351562
538, 5, 0.8999999999999999, 15, 48.5
switching patient
539, 5, 1.5, 20, -11.399999618530273
540, 7, 1.5, 25, 0.30000001192092896
541, 7, 1.5, 30, 30.5
542, 3, 1.2, 30, 88.5
switching patient
543, 5, 1.5, 20, 39.20000076293945
544, 8, 1.8, 25, 52.5
switching patient
545, 3, 0.8999999999999999, 20, 16.5
switching patient
546, 3, 0.8962185532904363, 50, 4.5
547, 3, 0.5962185532904363, 50, -4.400000095367432
548, 5, 0.8962185532904363, 50, 26.600000381469727
549, 3, 0.5962185532904363, 50, 43.900001525878906
550, 5, 0.8962185532904363, 50, 42.5
551, 3, 0.5962185532904363, 50, 34.70000076293945
switching patient
552, 3, 0.7107451677093091, 16, 78.19999694824219
553, 8, 1.0107451677093091, 21, -43.5
554, 3, 0.7107451677093091, 21, 2.799999952316284
555, 8, 1.0107451677093091, 26, 8.5
556, 0, 0.7107451677093091, 21, 11.899999618530273
557, 2, 1.0107451677093091, 16, -219.5
switching patient
558, 3, 1.2, 25, 10.5
559, 0, 0.8999999999999999, 20, 38.20000076293945
560, 3, 0.5999999999999999, 20, 73.0
switching patient
561, 0, 1.5, 10, -75.19999694824219
562, 4, 1.5, 10, -0.10000000149011612
switching patient
563, 0, 1.5, 10, 13.300000190734863
564, 0, 1.2, 5, 24.5
switching patient
565, 8, 3.543790037780718, 21, -63.599998474121094
switching patient
566, 8, 2.6999999999999997, 15, -11.100000381469727
567, 0, 2.4, 10, 40.5
568, 0, 2.1, 5, 6.5
switching patient
569, 8, 1.8, 15, 2.0999999046325684
570, 8, 2.1, 20, 18.200000762939453
571, 8, 2.4, 25, 10.5
572, 3, 2.1, 25, 16.799999237060547
switching patient
573, 8, 1.6206952496526017, 35, -5.5
574, 3, 1.3206952496526017, 35, 37.20000076293945
575, 8, 1.6206952496526017, 40, 28.5
switching patient
576, 3, 1.0107451677093091, 21, -61.5
switching patient
577, 0, 2.1, 20, 56.5
switching patient
578, 5, 2.1, 10, 130.5
579, 8, 2.4, 15, 90.5
580, 5, 2.6999999999999997, 15, 22.5
581, 5, 2.9999999999999996, 15, 54.5
582, 3, 2.6999999999999997, 15, 100.0
583, 5, 2.9999999999999996, 15, 52.5
584, 3, 2.6999999999999997, 15, 31.5
585, 3, 2.4, 15, -42.099998474121094
586, 5, 2.6999999999999997, 15, 84.5
587, 3, 2.4, 15, -10.899999618530273
588, 4, 2.4, 15, 90.5
589, 1, 2.4, 10, 80.0999984741211
switching patient
590, 3, 1.2660368144830565, 20, 126.5
591, 3, 0.9660368144830564, 20, -49.20000076293945
592, 5, 1.2660368144830565, 20, 80.5
593, 3, 0.9660368144830564, 20, -66.0999984741211
594, 5, 1.2660368144830565, 20, 144.5
switching patient
595, 5, 2.1, 10, 126.30000305175781
596, 5, 2.4, 10, -73.5
597, 3, 2.1, 10, 144.5
598, 5, 2.4, 10, 64.5
599, 3, 2.1, 10, 123.69999694824219
600, 8, 2.4, 15, 22.5
601, 8, 2.6999999999999997, 20, 66.5
602, 3, 2.4, 20, -1.5
603, 3, 2.1, 20, 67.80000305175781
604, 3, 1.8, 20, -110.30000305175781
switching patient
605, 3, 1.5148989054010291, 18, -23.5
switching patient
606, 0, 0.5999999999999999, 10, 59.599998474121094
607, 8, 0.8999999999999999, 15, 6.5
switching patient
608, 0, 0.8999999999999999, 5, 61.0
switching patient
609, 0, 0.8999999999999999, 40, 68.5
610, 0, 0.5999999999999999, 35, -58.29999923706055
switching patient
611, 3, 1.5148989054010291, 23, -17.5
switching patient
612, 8, 1.5, 15, 22.5
613, 8, 1.8, 20, -15.5
614, 3, 1.5, 20, 38.5
switching patient
615, 0, 1.5, 20, 42.5
616, 0, 1.2, 15, 144.5
617, 8, 1.5, 20, 54.5
switching patient
618, 3, 2.1, 30, 25.799999237060547
619, 0, 1.8, 25, 84.5
620, 0, 1.5, 20, -52.79999923706055
switching patient
621, 0, 3.2999999999999994, 10, -25.5
622, 3, 2.9999999999999996, 10, 20.5
switching patient
623, 3, 0.9960181141395124, 14, 96.4000015258789
624, 5, 1.2960181141395124, 14, -31.5
switching patient
625, 0, 2.6999999999999997, 45, 14.5
626, 4, 2.6999999999999997, 45, 13.199999809265137
switching patient
627, 5, 1.5, 30, 34.5
628, 3, 1.2, 30, 144.5
629, 1, 1.2, 25, 115.9000015258789
630, 1, 1.2, 20, 144.5
631, 3, 0.8999999999999999, 20, -73.9000015258789
switching patient
632, 3, 1.8, 35, 104.5
switching patient
633, 3, 0.8999999999999999, 25, 34.5
634, 1, 0.8999999999999999, 20, 21.299999237060547
switching patient
635, 2, 2.4013681770583277, 27, 27.799999237060547
636, 1, 2.4013681770583277, 22, 66.80000305175781
637, 3, 2.101368177058328, 22, 70.5999984741211
switching patient
638, 3, 1.2972598126254884, 50, 11.600000381469727
639, 3, 0.9972598126254884, 50, 39.70000076293945
switching patient
640, 3, 1.0107451677093091, 26, 16.5
switching patient
641, 7, 2.406736270810849, 36, 5.400000095367432
642, 8, 2.7067362708108487, 41, 92.5
643, 6, 2.406736270810849, 46, 41.400001525878906
switching patient
644, 5, 1.1585496655863539, 10, 144.5
switching patient
645, 3, 0.9972598126254884, 50, -33.79999923706055
646, 1, 0.9972598126254884, 45, 36.900001525878906
switching patient
647, 3, 2.406736270810849, 50, -28.899999618530273
648, 1, 2.406736270810849, 45, -31.600000381469727
649, 1, 2.406736270810849, 40, 30.5
650, 3, 2.106736270810849, 40, 18.399999618530273
switching patient
651, 3, 1.2, 25, 24.5
652, 3, 0.8999999999999999, 25, -42.29999923706055
653, 1, 0.8999999999999999, 20, -28.0
654, 1, 0.8999999999999999, 15, 48.5
655, 1, 0.8999999999999999, 10, 16.5
switching patient
656, 3, 1.5, 35, -17.100000381469727
657, 3, 1.2, 35, 40.5
658, 3, 0.8999999999999999, 35, 43.099998474121094
switching patient
659, 0, 1.5, 30, -208.0
660, 0, 1.2, 25, -69.5
661, 8, 1.5, 30, -234.0
switching patient
662, 3, 1.8, 30, 54.5
switching patient
663, 3, 0.8999999999999999, 20, 96.5
664, 3, 0.5999999999999999, 20, -124.5999984741211
665, 6, 0.2999999999999999, 25, -194.0
switching patient
666, 3, 2.9999999999999996, 25, 76.5
switching patient
667, 3, 0.5962185532904363, 50, -47.5
switching patient
668, 3, 2.1, 35, 20.5
669, 3, 1.8, 35, 42.5
670, 3, 1.5, 35, 88.5
671, 1, 1.5, 30, 75.5
672, 1, 1.5, 25, 74.0
673, 1, 1.5, 20, 6.699999809265137
674, 1, 1.5, 15, 8.600000381469727
switching patient
675, 1, 2.4, 5, -57.5
676, 3, 2.1, 5, 54.5
switching patient
677, 3, 2.4, 50, 34.5
switching patient
678, 5, 1.8680484567281141, 50, -282.5
679, 3, 1.568048456728114, 50, -128.0
switching patient
680, 8, 0.8999999999999999, 35, 61.400001525878906
681, 1, 0.8999999999999999, 30, 89.19999694824219
682, 1, 0.8999999999999999, 25, 114.5
switching patient
683, 0, 1.6206952496526017, 40, 36.5
684, 4, 1.6206952496526017, 40, 24.5
685, 0, 1.3206952496526017, 35, 68.5
switching patient
686, 1, 1.5, 18, 12.199999809265137
687, 0, 1.2, 13, -1.2000000476837158
switching patient
688, 8, 1.2, 45, 25.5
switching patient
689, 1, 1.8680484567281141, 45, -317.0
690, 0, 1.568048456728114, 40, -112.0
691, 0, 1.268048456728114, 35, -15.5
switching patient
692, 0, 1.2, 20, 86.5
693, 0, 0.8999999999999999, 15, 52.20000076293945
694, 8, 1.2, 20, 108.5
switching patient
695, 8, 1.5, 30, 2.5
696, 0, 1.2, 25, 130.1999969482422
switching patient
697, 0, 0.8999999999999999, 25, 56.900001525878906
698, 8, 1.2, 30, 40.5
699, 0, 0.8999999999999999, 25, 23.700000762939453
switching patient
700, 2, 3.599999999999999, 25, -14.0
switching patient
701, 8, 1.8, 40, -19.5
switching patient
702, 0, 1.8, 30, 18.700000762939453
703, 8, 2.1, 35, 16.5
switching patient
704, 0, 1.5, 20, 14.5
705, 0, 1.2, 15, 20.899999618530273
706, 0, 0.8999999999999999, 10, 81.19999694824219
switching patient
707, 0, 0.8999999999999999, 25, 112.5
switching patient
708, 0, 0.8999999999999999, 10, 26.5
709, 0, 0.5999999999999999, 5, 52.0
switching patient
710, 8, 2.9999999999999996, 20, 27.200000762939453
711, 0, 2.6999999999999997, 15, -0.699999988079071
712, 8, 2.9999999999999996, 20, 30.5
713, 0, 2.6999999999999997, 15, 71.19999694824219
714, 0, 2.4, 10, 90.5
715, 0, 2.1, 5, 52.5
716, 0, 1.8, 5, 132.8000030517578
switching patient
717, 0, 2.1, 5, -57.5
718, 0, 1.8, 5, 144.5
switching patient
719, 0, 0.8999999999999999, 25, 58.5
switching patient
720, 0, 1.1585496655863539, 10, 127.5999984741211
721, 0, 0.8585496655863538, 5, 103.80000305175781
switching patient
722, 0, 1.5, 15, 31.600000381469727
switching patient
723, 0, 1.5, 20, 44.70000076293945
724, 0, 1.2, 15, 144.5
725, 8, 1.5, 20, 46.5
726, 0, 1.2, 15, 130.1999969482422
switching patient
727, 0, 0.8999999999999999, 10, 36.5
switching patient
728, 0, 2.4, 45, 6.900000095367432
729, 0, 2.1, 40, 17.200000762939453
730, 0, 1.8, 35, -50.599998474121094
731, 8, 2.1, 40, 24.5
732, 3, 1.8, 40, 62.5
733, 8, 2.1, 45, 66.5
734, 3, 1.8, 45, 54.29999923706055
735, 0, 1.5, 40, -127.5999984741211
736, 8, 1.8, 45, 2.200000047683716
737, 8, 2.1, 50, 62.5
738, 3, 1.8, 50, 88.5
739, 2, 2.1, 45, 52.5
switching patient
740, 3, 1.268048456728114, 40, -13.5
switching patient
741, 3, 2.6999999999999997, 50, -10.699999809265137
742, 8, 2.9999999999999996, 50, -13.5
743, 3, 2.6999999999999997, 50, 38.5
744, 3, 2.4, 50, 52.5
745, 1, 2.4, 45, 52.5
746, 1, 2.4, 40, 7.699999809265137
747, 3, 2.1, 40, 94.5
switching patient
748, 3, 1.8, 45, -13.5
switching patient
749, 0, 3.599999999999999, 25, -0.5
switching patient
750, 1, 2.1, 35, 12.699999809265137
751, 1, 2.1, 30, 38.5
752, 0, 1.8, 25, 68.5
753, 0, 1.5, 20, 44.5
754, 1, 1.5, 15, 78.5
switching patient
755, 0, 0.8999999999999999, 25, 92.5
756, 8, 1.2, 30, 18.5
switching patient
757, 0, 2.106736270810849, 40, -18.0
758, 8, 2.406736270810849, 45, 0.20000000298023224
759, 0, 2.106736270810849, 40, 126.30000305175781
switching patient
760, 0, 0.8999999999999999, 10, 124.5
switching patient
761, 3, 2.1, 50, 62.5
762, 3, 1.8, 50, -56.29999923706055
763, 8, 2.1, 50, 26.5
764, 3, 1.8, 50, -14.800000190734863
765, 8, 2.1, 50, 64.5
766, 3, 1.8, 50, -14.600000381469727
767, 8, 2.1, 50, 47.70000076293945
768, 0, 1.8, 45, 30.600000381469727
switching patient
769, 0, 1.2, 20, 10.5
switching patient
770, 0, 1.2, 45, 4.599999904632568
771, 0, 0.8999999999999999, 40, 64.80000305175781
772, 0, 0.5999999999999999, 35, -76.5
773, 8, 0.8999999999999999, 40, -21.700000762939453
774, 8, 1.2, 45, 7.900000095367432
775, 8, 1.5, 50, 22.5
switching patient
776, 8, 2.4, 15, 50.20000076293945
777, 6, 2.1, 20, -44.0
778, 8, 2.4, 25, -8.300000190734863
switching patient
779, 3, 1.0107451677093091, 31, 6.5
switching patient
780, 3, 0.8999999999999999, 30, 120.30000305175781
781, 8, 1.2, 35, 52.5
782, 3, 0.8999999999999999, 35, 37.099998474121094
switching patient
783, 0, 1.2, 25, 144.5
784, 1, 1.2, 20, 126.30000305175781
switching patient
785, 7, 2.1, 50, 35.900001525878906
switching patient
786, 3, 1.8, 30, 54.5
787, 1, 1.8, 25, 50.5
788, 6, 1.5, 30, -47.70000076293945
789, 1, 1.5, 25, 4.699999809265137
switching patient
790, 6, 0.8999999999999999, 20, 102.5
switching patient
791, 3, 3.599999999999999, 30, 12.399999618530273
792, 0, 3.2999999999999994, 25, 26.5
793, 0, 2.9999999999999996, 20, 72.5
794, 0, 2.6999999999999997, 15, 80.5999984741211
795, 7, 2.6999999999999997, 20, 84.5
796, 7, 2.6999999999999997, 25, 75.4000015258789
797, 7, 2.6999999999999997, 30, -7.800000190734863
switching patient
798, 1, 2.406736270810849, 40, 0.5
799, 7, 2.406736270810849, 45, -70.30000305175781
800, 1, 2.406736270810849, 40, -5.5
801, 0, 2.106736270810849, 35, 58.70000076293945
switching patient
802, 7, 0.8999999999999999, 30, 66.4000015258789
803, 1, 0.8999999999999999, 25, -10.600000381469727
804, 1, 0.8999999999999999, 20, 56.5
switching patient
805, 1, 1.2, 10, 20.799999237060547
806, 7, 1.2, 15, 25.200000762939453
switching patient
807, 5, 1.333683283802887, 27, -6.0
switching patient
808, 0, 1.2, 20, 70.5
switching patient
809, 0, 1.5, 30, 12.600000381469727
switching patient
810, 8, 2.1, 25, -2.799999952316284
switching patient
811, 6, 1.3920691719500182, 50, 58.5
switching patient
812, 3, 0.8999999999999999, 25, 105.5
switching patient
813, 6, 2.1, 50, 38.5
switching patient
814, 0, 1.2, 15, 144.5
815, 8, 1.5, 20, 0.5
switching patient
816, 0, 1.0107451677093091, 31, 34.5
switching patient
817, 7, 1.8, 35, 54.5
818, 7, 1.8, 40, 14.5
switching patient
819, 8, 2.4, 30, -51.20000076293945
820, 8, 2.6999999999999997, 35, 90.5
821, 8, 2.9999999999999996, 40, 74.5
822, 7, 2.9999999999999996, 45, 38.5
823, 3, 2.6999999999999997, 45, 43.70000076293945
824, 7, 2.6999999999999997, 50, -0.800000011920929
switching patient
825, 7, 2.6999999999999997, 35, 72.5
switching patient
826, 3, 1.3920691719500182, 50, 24.200000762939453
827, 3, 1.0920691719500182, 50, -53.5
828, 7, 1.0920691719500182, 50, -91.19999694824219
switching patient
829, 3, 1.5, 50, 5.0
830, 2, 1.8, 45, -71.5
831, 3, 1.5, 45, 18.5
832, 3, 1.2, 45, 48.5
switching patient
833, 3, 0.8999999999999999, 25, 52.5
switching patient
834, 3, 1.2, 30, 2.4000000953674316
switching patient
835, 8, 2.4, 15, -10.199999809265137
836, 8, 2.6999999999999997, 20, -2.5
837, 8, 2.9999999999999996, 25, 84.5
switching patient
838, 6, 1.268048456728114, 50, -3.5
839, 3, 0.968048456728114, 50, 15.0
840, 3, 0.668048456728114, 50, -8.399999618530273
switching patient
841, 3, 2.1, 45, 90.5
switching patient
842, 3, 1.2, 25, 50.5
switching patient
843, 3, 1.5, 25, 13.100000381469727
844, 8, 1.8, 30, -0.10000000149011612
switching patient
845, 3, 1.0107451677093091, 36, 88.5
switching patient
846, 3, 2.101368177058328, 27, 80.0999984741211
switching patient
847, 3, 0.8999999999999999, 40, -55.5
848, 1, 0.8999999999999999, 35, 52.79999923706055
849, 1, 0.8999999999999999, 30, 50.5
850, 3, 0.5999999999999999, 30, -115.4000015258789
switching patient
851, 3, 0.8999999999999999, 30, 66.80000305175781
852, 3, 0.5999999999999999, 30, -54.400001525878906
853, 5, 0.8999999999999999, 30, 80.5
854, 3, 0.5999999999999999, 30, -57.0
855, 1, 0.5999999999999999, 25, 70.4000015258789
856, 1, 0.5999999999999999, 20, 53.5
857, 2, 0.8999999999999999, 15, 19.600000381469727
858, 3, 0.5999999999999999, 15, 119.80000305175781
859, 3, 0.2999999999999999, 15, -147.3000030517578
860, 6, 0.3, 20, -155.6999969482422
861, 5, 0.6, 20, 56.099998474121094
switching patient
862, 3, 0.8999999999999999, 30, 64.69999694824219
863, 3, 0.5999999999999999, 30, -109.0
864, 5, 0.8999999999999999, 30, 79.0999984741211
865, 1, 0.8999999999999999, 25, 65.5
switching patient
866, 3, 1.2, 18, 40.79999923706055
switching patient
867, 3, 2.101368177058328, 32, 12.600000381469727
switching patient
868, 3, 2.9999999999999996, 15, 8.5
869, 3, 2.6999999999999997, 15, -29.5
870, 3, 2.4, 15, 125.0
871, 5, 2.6999999999999997, 15, -31.5
switching patient
872, 3, 1.5148989054010291, 28, 4.5
switching patient
873, 5, 2.7013681770583275, 37, 36.5
switching patient
874, 3, 1.2, 25, 144.5
875, 3, 0.8999999999999999, 25, -57.0
876, 5, 1.2, 25, 119.80000305175781
877, 5, 1.5, 25, 40.5
878, 3, 1.2, 25, 144.5
879, 5, 1.5, 25, 32.599998474121094
880, 7, 1.5, 30, 58.5
881, 3, 1.2, 30, 112.0
882, 8, 1.5, 35, 20.5
883, 3, 1.2, 35, 79.5
884, 8, 1.5, 40, 38.5
885, 3, 1.2, 40, 96.4000015258789
886, 8, 1.5, 45, 38.5
switching patient
887, 3, 1.2660368144830565, 25, 112.5
switching patient
888, 3, 2.9999999999999996, 30, 56.5
889, 3, 2.6999999999999997, 30, 35.900001525878906
890, 5, 2.9999999999999996, 30, 84.5
891, 2, 3.2999999999999994, 25, -44.5
892, 3, 2.9999999999999996, 25, 80.5
switching patient
893, 3, 1.2, 20, 13.600000381469727
894, 1, 1.2, 15, 54.0
switching patient
895, 3, 1.8, 45, 62.5
switching patient
896, 3, 0.8999999999999999, 40, 75.5999984741211
switching patient
897, 3, 2.7013681770583275, 42, 42.20000076293945
898, 3, 2.4013681770583277, 42, 5.599999904632568
899, 1, 2.4013681770583277, 37, 43.400001525878906
900, 1, 2.4013681770583277, 32, 40.5
switching patient
901, 1, 0.8999999999999999, 30, 35.599998474121094
902, 5, 1.2, 30, 40.29999923706055
903, 3, 0.8999999999999999, 30, 5.5
904, 3, 0.5999999999999999, 30, -89.4000015258789
905, 5, 0.8999999999999999, 30, -3.9000000953674316
switching patient
906, 3, 1.5, 35, 34.5
907, 5, 1.8, 35, 6.5
908, 3, 1.5, 35, 21.799999237060547
switching patient
909, 0, 2.1, 45, 50.599998474121094
910, 0, 1.8, 40, 52.5
switching patient
911, 0, 2.5620242161645512, 40, -447.5
912, 0, 2.2620242161645514, 35, -390.5
switching patient
913, 5, 1.2, 10, 121.0999984741211
914, 8, 1.5, 15, -6.0
switching patient
915, 0, 1.0920691719500182, 45, 34.5
916, 0, 0.7920691719500181, 40, -109.9000015258789
917, 2, 1.0920691719500182, 35, 56.20000076293945
918, 1, 1.0920691719500182, 30, 17.399999618530273
switching patient
919, 1, 2.1, 30, 4.5
920, 1, 2.1, 25, 44.5
921, 0, 1.8, 20, 67.5
922, 0, 1.5, 15, -9.899999618530273
923, 5, 1.8, 15, 14.199999809265137
924, 5, 2.1, 15, 26.5
switching patient
925, 0, 2.1, 20, -3.5
926, 4, 2.1, 20, 46.5
927, 3, 1.8, 20, 138.5
928, 7, 1.8, 25, 144.5
929, 7, 1.8, 30, 47.099998474121094
switching patient
930, 7, 2.9999999999999996, 50, 72.5
switching patient
931, 3, 2.1, 20, 24.5
932, 7, 2.1, 25, -6.5
switching patient
933, 3, 2.1, 50, 36.0
switching patient
934, 0, 1.5148989054010291, 28, -3.5
935, 3, 1.214898905401029, 28, 34.20000076293945
936, 3, 0.914898905401029, 28, 3.5999999046325684
937, 5, 1.214898905401029, 28, 33.599998474121094
938, 7, 1.214898905401029, 33, 74.5
939, 7, 1.214898905401029, 38, 17.100000381469727
switching patient
940, 2, 1.8, 25, 16.5
941, 5, 2.1, 25, -45.5
942, 0, 1.8, 20, -9.5
943, 0, 1.5, 15, 20.5
944, 8, 1.8, 20, -7.5
945, 3, 1.5, 20, 62.5
946, 3, 1.2, 20, 42.5
switching patient
947, 7, 2.406736270810849, 45, 90.5
948, 3, 2.106736270810849, 45, 18.399999618530273
949, 4, 2.106736270810849, 45, 61.29999923706055
950, 5, 2.406736270810849, 45, -17.0
951, 5, 2.7067362708108487, 45, 44.5
952, 3, 2.406736270810849, 45, -49.099998474121094
953, 1, 2.406736270810849, 40, 62.5
954, 3, 2.106736270810849, 40, -1.100000023841858
955, 2, 2.406736270810849, 35, -68.80000305175781
switching patient
956, 3, 0.5962185532904363, 50, -4.300000190734863
957, 4, 0.5962185532904363, 50, 50.599998474121094
958, 8, 0.8962185532904363, 50, 16.5
959, 7, 0.8962185532904363, 50, 36.79999923706055
960, 7, 0.8962185532904363, 50, 52.5
961, 3, 0.5962185532904363, 50, -21.399999618530273
962, 7, 0.5962185532904363, 50, 51.5
963, 7, 0.5962185532904363, 50, 46.900001525878906
switching patient
964, 7, 2.4, 50, 62.29999923706055
965, 7, 2.4, 50, 48.5
966, 3, 2.1, 50, 45.79999923706055
switching patient
967, 3, 0.5962185532904363, 50, -52.20000076293945
968, 7, 0.5962185532904363, 50, -32.5
switching patient
969, 7, 0.8999999999999999, 20, 2.700000047683716
970, 2, 1.2, 15, 10.5
971, 3, 0.8999999999999999, 15, 40.5
972, 7, 0.8999999999999999, 20, 14.199999809265137
973, 7, 0.8999999999999999, 25, 12.5
974, 7, 0.8999999999999999, 30, 4.5
975, 7, 0.8999999999999999, 35, -5.900000095367432
976, 1, 0.8999999999999999, 30, 34.400001525878906
switching patient
977, 3, 1.5, 25, 54.5
978, 7, 1.5, 30, 52.5
979, 7, 1.5, 35, 32.5
980, 3, 1.2, 35, 53.5
switching patient
981, 3, 2.1, 40, 44.5
982, 7, 2.1, 45, 38.5
983, 7, 2.1, 50, -2.799999952316284
984, 3, 1.8, 50, 15.899999618530273
985, 1, 1.8, 45, 54.5
986, 3, 1.5, 45, -64.80000305175781
987, 5, 1.8, 45, -29.299999237060547
988, 1, 1.8, 40, 37.70000076293945
989, 1, 1.8, 35, 54.5
990, 3, 1.5, 35, -16.700000762939453
991, 1, 1.5, 30, 30.100000381469727
switching patient
992, 3, 1.5, 40, 48.5
switching patient
993, 7, 0.8962185532904363, 50, 15.699999809265137
994, 7, 0.8962185532904363, 50, 27.0
switching patient
995, 7, 1.3107451677093092, 46, 48.5
996, 0, 1.0107451677093091, 41, 106.5
997, 7, 1.0107451677093091, 46, 30.5
998, 3, 0.7107451677093091, 46, -99.9000015258789
999, 5, 1.0107451677093091, 46, -40.20000076293945
