New Experiment - Num episodes: 1000
iteration, action, basal, carb, reward
switching patient
0, 4, 1.6913917912317307, 18, 6.5
1, 2, 1.9913917912317307, 13, -21.5
2, 5, 2.2913917912317308, 13, -93.5
3, 8, 2.5913917912317306, 18, -163.5
4, 2, 2.8913917912317304, 13, -317.0
switching patient
5, 2, 1.2037693781785104, 30, 38.5
6, 8, 1.5037693781785104, 35, -11.5
switching patient
7, 5, 1.998002202668181, 34, 63.900001525878906
8, 4, 1.998002202668181, 34, 43.5
9, 8, 2.298002202668181, 39, 100.5
10, 1, 2.298002202668181, 34, -74.5999984741211
11, 1, 2.298002202668181, 29, -96.5999984741211
12, 4, 2.298002202668181, 29, 15.699999809265137
13, 5, 2.5980022026681806, 29, -8.699999809265137
switching patient
14, 8, 1.4906956711806252, 50, 42.900001525878906
15, 0, 1.1906956711806251, 45, 34.0
switching patient
16, 8, 2.3813640255298942, 28, -109.5
17, 3, 2.0813640255298944, 28, -23.5
18, 4, 2.0813640255298944, 28, -21.5
switching patient
19, 1, 1.4906956711806252, 45, 66.5
switching patient
20, 1, 0.48524788403375785, 35, -109.0
21, 0, 0.18524788403375786, 30, -342.0
22, 4, 0.18524788403375786, 30, -318.0
switching patient
23, 2, 1.7486958800912336, 29, -106.4000015258789
24, 1, 1.7486958800912336, 24, -54.400001525878906
25, 8, 2.0486958800912336, 29, -1.100000023841858
26, 0, 1.7486958800912336, 24, -2.4000000953674316
switching patient
27, 3, 1.4906956711806252, 50, 98.5
28, 5, 1.7906956711806252, 50, 34.5
29, 5, 2.090695671180625, 50, -13.5
30, 0, 1.790695671180625, 45, 0.5
switching patient
31, 6, 1.7062412774492108, 30, 1.2999999523162842
32, 2, 2.006241277449211, 25, -25.5
33, 8, 2.3062412774492107, 30, -143.5
switching patient
34, 5, 2.6131328924306727, 37, 16.5
35, 0, 2.313132892430673, 32, 37.400001525878906
36, 6, 2.013132892430673, 37, -14.100000381469727
switching patient
37, 6, 1.790695671180625, 50, 60.5
switching patient
38, 8, 1.6173760363924519, 38, -13.0
switching patient
39, 3, 1.4638961774324004, 19, -313.79998779296875
40, 8, 1.7638961774324005, 24, -179.5
switching patient
41, 0, 1.6255820665466094, 19, -70.0
switching patient
42, 2, 2.067012450856917, 40, -404.0
switching patient
43, 0, 2.040637922273996, 24, -103.5
switching patient
44, 4, 3.1913917912317302, 18, -246.5
45, 3, 2.8913917912317304, 18, -276.0
46, 2, 3.1913917912317302, 13, -308.5
47, 0, 2.8913917912317304, 8, -288.5
switching patient
48, 4, 1.7242816454389778, 14, -265.0
49, 8, 2.0242816454389776, 19, -301.5
switching patient
50, 1, 0.6, 1, -236.8000030517578
51, 0, 0.3, 5, -45.5
52, 1, 0.3, 5, -49.70000076293945
53, 0, 0.3, 5, -97.5999984741211
54, 0, 0.3, 5, -54.29999923706055
55, 3, 0.3, 5, 1.2000000476837158
56, 0, 0.3, 5, 2.299999952316284
57, 0, 0.3, 5, -9.800000190734863
58, 3, 0.3, 5, 45.70000076293945
switching patient
59, 0, 0.8144839880395749, 28, -97.9000015258789
60, 7, 0.8144839880395749, 33, -115.5999984741211
switching patient
61, 7, 1.0378396891904969, 21, 144.5
62, 1, 1.0378396891904969, 16, 56.20000076293945
63, 0, 0.7378396891904968, 11, 74.30000305175781
64, 3, 0.4378396891904968, 11, -149.6999969482422
65, 6, 0.13783968919049683, 16, -296.79998779296875
66, 0, 0.3, 11, -171.39999389648438
67, 2, 0.6, 6, 41.400001525878906
68, 0, 0.3, 1, -337.6000061035156
switching patient
69, 0, 1.811489620575059, 45, 89.9000015258789
70, 2, 2.111489620575059, 40, -61.5
71, 3, 1.811489620575059, 40, 124.5
72, 7, 1.811489620575059, 45, 77.0
switching patient
73, 0, 0.3, 5, 15.699999809265137
74, 3, 0.3, 5, 24.899999618530273
switching patient
75, 1, 0.3837982580679807, 6, 45.70000076293945
switching patient
76, 2, 2.6406379222739957, 24, -312.0
switching patient
77, 0, 0.05216268647239686, 10, -381.79998779296875
switching patient
78, 6, 0.35331015078243105, 38, -342.5
79, 3, 0.053310150782431065, 38, -374.0
switching patient
80, 7, 0.6, 11, -66.0999984741211
switching patient
81, 8, 1.9383702913289196, 40, -143.5
switching patient
82, 0, 1.262681743367202, 28, -108.0
83, 6, 0.9626817433672019, 33, 6.5
84, 6, 0.6626817433672019, 38, 43.29999923706055
85, 0, 0.3626817433672019, 33, -134.10000610351562
86, 0, 0.06268174336720189, 28, -345.3999938964844
87, 0, 0.3, 23, -125.0
88, 0, 0.3, 18, -102.5
89, 0, 0.3, 13, 47.0
90, 0, 0.3, 8, -33.400001525878906
91, 0, 0.3, 3, -257.3999938964844
switching patient
92, 2, 1.875663578740922, 43, -45.29999923706055
93, 0, 1.5756635787409219, 38, -130.60000610351562
94, 8, 1.875663578740922, 43, -13.199999809265137
switching patient
95, 3, 1.7486958800912336, 29, -77.80000305175781
96, 7, 1.7486958800912336, 34, -44.0
97, 4, 1.7486958800912336, 34, -53.099998474121094
98, 0, 1.4486958800912335, 29, -68.69999694824219
99, 0, 1.1486958800912335, 24, -152.0
switching patient
100, 5, 2.3638961774324003, 29, -145.3000030517578
101, 0, 2.0638961774324005, 24, -148.3000030517578
102, 0, 1.7638961774324005, 19, -214.3000030517578
103, 2, 2.0638961774324005, 14, -139.5
104, 0, 1.7638961774324005, 9, -189.6999969482422
switching patient
105, 0, 0.5999999999999999, 11, -98.5999984741211
106, 5, 0.8999999999999999, 11, 144.5
107, 0, 0.5999999999999999, 6, 44.20000076293945
108, 2, 0.8999999999999999, 1, -215.60000610351562
switching patient
109, 0, 2.5980022026681806, 29, 56.5
110, 4, 2.5980022026681806, 29, 37.79999923706055
switching patient
111, 2, 0.7852478840337578, 30, 36.79999923706055
switching patient
112, 0, 1.0671937644146172, 7, -131.10000610351562
113, 0, 0.7671937644146172, 2, -108.69999694824219
switching patient
114, 0, 0.9560830769352904, 40, -139.5
115, 0, 0.6560830769352903, 35, -215.60000610351562
116, 0, 0.35608307693529034, 30, -255.0
117, 0, 0.056083076935290355, 25, -417.6000061035156
118, 4, 0.056083076935290355, 25, -395.0
119, 0, 0.3, 20, -340.29998779296875
120, 0, 0.3, 15, -267.1000061035156
switching patient
121, 0, 2.0609903295210956, 25, 90.5
122, 7, 2.0609903295210956, 30, 48.79999923706055
switching patient
123, 7, 1.0671937644146172, 12, -142.89999389648438
124, 2, 1.3671937644146173, 7, -84.30000305175781
125, 4, 1.3671937644146173, 7, -103.80000305175781
switching patient
126, 3, 2.0609903295210956, 35, 61.70000076293945
127, 0, 1.7609903295210956, 30, -89.0
128, 0, 1.4609903295210955, 25, -14.100000381469727
129, 0, 1.1609903295210955, 20, -63.29999923706055
130, 0, 0.8609903295210954, 15, -154.5
switching patient
131, 0, 0.3837982580679807, 6, 58.20000076293945
switching patient
132, 0, 1.4306466822774824, 45, -122.0999984741211
switching patient
133, 0, 0.9464358539349582, 17, 19.200000762939453
134, 6, 0.6464358539349582, 22, -64.9000015258789
switching patient
135, 0, 2.0242816454389776, 19, -281.0
136, 0, 1.7242816454389776, 14, -211.5
switching patient
137, 0, 2.5980022026681806, 29, 60.5
switching patient
138, 1, 0.9464358539349582, 22, -49.70000076293945
139, 0, 0.6464358539349582, 17, -39.5
switching patient
140, 0, 0.05216268647239686, 10, -394.3999938964844
switching patient
141, 0, 2.208411050630587, 30, -281.5
switching patient
142, 0, 0.05216268647239686, 10, -360.79998779296875
switching patient
143, 2, 0.8999999999999999, 3, -318.5
144, 0, 0.5999999999999999, 5, -195.5
switching patient
145, 0, 2.8125394833302715, 30, -312.0
146, 0, 2.5125394833302717, 25, -226.0
147, 0, 2.212539483330272, 20, -131.5
switching patient
148, 7, 2.8980022026681804, 39, 48.5
149, 0, 2.5980022026681806, 34, 68.5
150, 4, 2.5980022026681806, 34, -15.199999809265137
switching patient
151, 2, 1.9511388318710046, 45, -316.5
152, 0, 1.6511388318710045, 40, -259.5
153, 0, 1.3511388318710045, 35, -105.5
154, 0, 1.0511388318710044, 30, -7.5
155, 0, 0.7511388318710044, 25, -127.5
156, 4, 0.7511388318710044, 25, -15.0
157, 0, 0.4511388318710044, 20, 26.200000762939453
158, 0, 0.1511388318710044, 15, -177.60000610351562
159, 0, 0.3, 10, -31.0
switching patient
160, 0, 1.875663578740922, 43, -105.0999984741211
161, 0, 1.5756635787409219, 38, -119.5
switching patient
162, 1, 1.4833925988244876, 34, 14.5
switching patient
163, 8, 2.9062412774492103, 40, -220.0
switching patient
164, 4, 1.7306466822774824, 50, -109.5999984741211
165, 0, 1.4306466822774824, 45, -107.80000305175781
166, 0, 1.1306466822774823, 40, -214.0
167, 0, 0.8306466822774823, 35, -233.3000030517578
168, 0, 0.5306466822774822, 30, -285.8999938964844
169, 0, 0.23064668227748225, 25, -384.8999938964844
170, 0, 0.3, 20, -370.3999938964844
switching patient
171, 4, 0.6, 15, 70.5
172, 0, 0.3, 10, 25.0
switching patient
173, 0, 1.286131792228626, 29, 44.5
switching patient
174, 0, 1.1486958800912335, 24, -150.8000030517578
175, 5, 1.4486958800912335, 24, -85.5999984741211
switching patient
176, 0, 2.067012450856917, 40, -414.5
177, 0, 1.7670124508569172, 35, -290.0
178, 0, 1.4670124508569171, 30, -281.5
179, 0, 1.167012450856917, 25, -101.5
180, 0, 0.867012450856917, 20, -7.5
181, 0, 0.567012450856917, 15, 88.5
182, 0, 0.267012450856917, 10, 56.099998474121094
183, 7, 0.267012450856917, 15, -92.0999984741211
switching patient
184, 0, 2.212539483330272, 20, -139.5
switching patient
185, 0, 2.8913917912317304, 8, -307.0
186, 0, 2.5913917912317306, 3, -274.0
187, 1, 2.5913917912317306, 5, -249.5
188, 4, 2.5913917912317306, 5, -236.0
189, 0, 2.2913917912317308, 5, -169.0
190, 0, 1.9913917912317307, 5, -168.0
191, 0, 1.6913917912317307, 5, -84.0
192, 0, 1.3913917912317306, 5, -46.0
switching patient
193, 8, 0.8690936540144691, 12, 103.5999984741211
switching patient
194, 0, 1.016315588268545, 42, -109.19999694824219
switching patient
195, 0, 1.4486958800912335, 24, -75.0
196, 0, 1.1486958800912335, 19, -152.60000610351562
switching patient
197, 0, 1.5037693781785104, 35, -33.5
198, 2, 1.8037693781785105, 30, -105.5
199, 0, 1.5037693781785104, 25, -21.5
200, 4, 1.5037693781785104, 25, -25.5
201, 0, 1.2037693781785104, 20, 22.5
switching patient
202, 3, 2.0813640255298944, 33, -7.5
switching patient
203, 0, 1.286131792228626, 29, 14.5
switching patient
204, 3, 0.3837982580679807, 11, -153.39999389648438
switching patient
205, 6, 0.8609903295210954, 25, -142.89999389648438
switching patient
206, 4, 2.508411050630587, 35, -236.5
switching patient
207, 0, 0.2874049540043225, 44, -262.79998779296875
208, 0, 0.3, 39, -293.0
209, 3, 0.3, 39, -249.60000610351562
switching patient
210, 0, 1.790695671180625, 45, 34.5
switching patient
211, 8, 1.4690936540144692, 22, 3.5
212, 6, 1.1690936540144692, 27, 90.5
213, 0, 0.8690936540144691, 22, 83.4000015258789
214, 0, 0.5690936540144691, 17, -107.9000015258789
215, 0, 0.2690936540144691, 12, -180.10000610351562
216, 0, 0.3, 7, -11.100000381469727
217, 0, 0.3, 2, -183.5
218, 0, 0.3, 5, -6.199999809265137
219, 6, 0.3, 10, -166.10000610351562
220, 0, 0.3, 5, -89.5
221, 2, 0.6, 5, 70.80000305175781
222, 0, 0.3, 5, 6.599999904632568
switching patient
223, 0, 0.8144839880395749, 33, -86.19999694824219
224, 0, 0.5144839880395748, 28, -212.6999969482422
switching patient
225, 0, 0.5999999999999999, 5, -186.5
226, 6, 0.2999999999999999, 10, 18.799999237060547
switching patient
227, 8, 1.6163155882685452, 50, -45.599998474121094
228, 1, 1.6163155882685452, 45, 66.19999694824219
229, 0, 1.3163155882685451, 40, -34.900001525878906
switching patient
230, 3, 2.3759892458259966, 25, -93.5
switching patient
231, 0, 0.3, 5, -2.299999952316284
232, 0, 0.3, 5, -45.20000076293945
switching patient
233, 8, 2.2255820665466093, 29, 4.099999904632568
234, 3, 1.9255820665466092, 29, -102.5
235, 0, 1.6255820665466092, 24, -69.4000015258789
236, 0, 1.3255820665466092, 19, -118.0
switching patient
237, 0, 0.3, 15, -246.10000610351562
switching patient
238, 0, 0.3, 20, -340.3999938964844
switching patient
239, 8, 2.66956100595924, 50, -339.5
switching patient
240, 0, 0.8999999999999999, 1, -233.10000610351562
241, 0, 0.5999999999999999, 5, 85.5999984741211
242, 0, 0.2999999999999999, 5, 5.900000095367432
243, 1, 0.2999999999999999, 5, -67.5
switching patient
244, 0, 0.267012450856917, 15, -83.0
switching patient
245, 0, 1.3671937644146173, 7, -75.19999694824219
246, 0, 1.0671937644146172, 2, -32.400001525878906
247, 0, 0.7671937644146172, 5, -156.3000030517578
248, 0, 0.4671937644146172, 5, -184.6999969482422
249, 0, 0.1671937644146172, 5, -230.0
250, 1, 0.1671937644146172, 5, -218.39999389648438
251, 5, 0.4671937644146172, 5, -180.89999389648438
switching patient
252, 4, 0.6, 44, -98.5999984741211
253, 0, 0.3, 39, -285.0
254, 0, 0.3, 34, -230.8000030517578
switching patient
255, 4, 2.6759892458259964, 30, -123.5
256, 3, 2.3759892458259966, 30, -41.5
switching patient
257, 0, 1.811489620575059, 45, 41.599998474121094
258, 0, 1.511489620575059, 40, -7.599999904632568
switching patient
259, 5, 1.7486958800912336, 24, -67.4000015258789
260, 0, 1.4486958800912335, 19, -84.0
261, 0, 1.1486958800912335, 14, -133.1999969482422
switching patient
262, 7, 1.5545693468726531, 22, -31.5
263, 7, 1.5545693468726531, 27, -21.5
switching patient
264, 0, 1.3255820665466092, 19, -118.5999984741211
switching patient
265, 0, 2.212539483330272, 20, -139.5
266, 0, 1.9125394833302718, 15, -57.5
267, 0, 1.6125394833302718, 10, -39.5
268, 0, 1.3125394833302717, 5, -97.0
269, 0, 1.0125394833302717, 5, -83.0
270, 0, 0.7125394833302716, 5, 70.0
switching patient
271, 0, 2.638463281513538, 31, -299.5
272, 0, 2.338463281513538, 26, -255.5
273, 0, 2.0384632815135384, 21, -242.0
switching patient
274, 0, 1.9383702913289194, 40, -141.5
switching patient
275, 0, 1.3913917912317306, 5, -95.0
276, 0, 1.0913917912317306, 5, 38.0
277, 0, 0.7913917912317305, 5, 73.5
278, 0, 0.49139179123173055, 5, 26.299999237060547
279, 0, 0.19139179123173056, 5, -119.0
switching patient
280, 0, 1.9383702913289194, 40, -143.5
281, 0, 1.6383702913289193, 35, -49.5
switching patient
282, 2, 1.9255820665466092, 19, -28.399999618530273
283, 0, 1.6255820665466092, 14, -107.69999694824219
284, 0, 1.3255820665466092, 9, -106.4000015258789
285, 0, 1.025582066546609, 4, -19.299999237060547
286, 0, 0.7255820665466091, 5, -164.0
287, 0, 0.4255820665466091, 5, -189.39999389648438
switching patient
288, 2, 1.8037693781785105, 20, -133.5
switching patient
289, 0, 0.3, 15, -235.3000030517578
290, 0, 0.3, 10, -198.89999389648438
switching patient
291, 5, 2.1545693468726532, 32, -235.0
292, 0, 1.8545693468726532, 27, -105.5
293, 6, 1.5545693468726531, 32, -1.5
switching patient
294, 1, 2.338463281513538, 21, -249.5
295, 0, 2.0384632815135384, 16, -250.0
296, 0, 1.7384632815135383, 11, -153.5
297, 0, 1.4384632815135383, 6, -145.0
298, 0, 1.1384632815135383, 1, -308.6000061035156
switching patient
299, 4, 1.4486958800912335, 19, -83.5
300, 0, 1.1486958800912335, 14, -136.10000610351562
301, 6, 0.8486958800912334, 19, -195.6999969482422
switching patient
302, 0, 0.7852478840337578, 30, -6.800000190734863
303, 0, 0.4852478840337578, 25, -98.69999694824219
304, 0, 0.1852478840337578, 20, -226.60000610351562
switching patient
305, 7, 1.811489620575059, 50, 49.400001525878906
306, 0, 1.511489620575059, 45, -33.599998474121094
307, 0, 1.211489620575059, 40, -77.0999984741211
308, 0, 0.9114896205750589, 35, -149.6999969482422
309, 4, 0.9114896205750589, 35, -156.6999969482422
310, 0, 0.6114896205750588, 30, -192.10000610351562
311, 0, 0.31148962057505886, 25, -353.3999938964844
312, 3, 0.011489620575058868, 25, -414.1000061035156
switching patient
313, 0, 2.9062412774492103, 40, -265.0
switching patient
314, 0, 1.4833925988244876, 34, -7.5
switching patient
315, 0, 0.19139179123173056, 5, -72.80000305175781
switching patient
316, 0, 2.508411050630587, 35, -295.5
switching patient
317, 0, 0.7125394833302716, 5, 11.399999618530273
switching patient
318, 0, 2.3759892458259966, 30, -37.5
319, 0, 2.0759892458259968, 25, 4.5
320, 0, 1.7759892458259967, 20, -23.5
321, 0, 1.4759892458259967, 15, 18.5
switching patient
322, 0, 1.1384632815135383, 1, -302.5
323, 0, 0.8384632815135382, 5, -18.5
switching patient
324, 0, 1.790695671180625, 45, 32.5
325, 1, 1.790695671180625, 40, 12.5
326, 0, 1.490695671180625, 35, 50.70000076293945
327, 7, 1.490695671180625, 40, 50.5
switching patient
328, 0, 0.11178599136998646, 6, -170.39999389648438
329, 0, 0.3, 1, -171.8000030517578
330, 0, 0.3, 5, 26.899999618530273
331, 1, 0.3, 5, -27.700000762939453
switching patient
332, 0, 2.1998569243569426, 45, -274.5
switching patient
333, 0, 0.3, 20, -339.6000061035156
334, 7, 0.3, 25, -396.79998779296875
335, 0, 0.3, 20, -358.3999938964844
336, 0, 0.3, 15, -348.3999938964844
337, 0, 0.3, 10, -326.3999938964844
switching patient
338, 0, 2.041670644674272, 36, 25.600000381469727
339, 0, 1.741670644674272, 31, 90.5
switching patient
340, 0, 0.19139179123173056, 5, -100.0
341, 1, 0.19139179123173056, 5, 9.199999809265137
342, 0, 0.3, 5, 4.099999904632568
switching patient
343, 6, 1.4833925988244876, 44, 6.5
switching patient
344, 0, 1.5756635787409219, 38, -115.30000305175781
345, 0, 1.2756635787409218, 33, -137.1999969482422
switching patient
346, 0, 0.053310150782431065, 38, -383.0
347, 0, 0.3, 33, -321.29998779296875
348, 0, 0.3, 28, -358.8999938964844
349, 0, 0.3, 23, -352.8999938964844
350, 0, 0.3, 18, -370.5
351, 0, 0.3, 13, -308.70001220703125
352, 0, 0.3, 8, -195.10000610351562
switching patient
353, 0, 2.9062412774492103, 40, -284.0
354, 0, 2.6062412774492105, 35, -244.0
switching patient
355, 8, 0.8999999999999999, 20, -96.0
356, 0, 0.5999999999999999, 15, -164.39999389648438
357, 0, 0.2999999999999999, 10, -216.10000610351562
358, 0, 0.3, 5, -110.0999984741211
359, 0, 0.3, 5, -130.0
360, 0, 0.3, 5, -110.80000305175781
361, 0, 0.3, 5, -171.10000610351562
362, 0, 0.3, 5, -26.5
363, 0, 0.3, 5, -158.39999389648438
364, 0, 0.3, 5, -124.0999984741211
365, 0, 0.3, 5, -148.1999969482422
366, 0, 0.3, 5, -105.69999694824219
367, 0, 0.3, 5, -30.100000381469727
368, 0, 0.3, 5, -86.0999984741211
switching patient
369, 0, 0.3, 5, -23.200000762939453
370, 0, 0.3, 5, 15.100000381469727
371, 0, 0.3, 5, -116.0
372, 0, 0.3, 5, -10.399999618530273
switching patient
373, 0, 0.3, 34, -255.60000610351562
switching patient
374, 0, 0.05216268647239686, 10, -369.6000061035156
375, 0, 0.3, 5, -194.1999969482422
switching patient
376, 0, 1.5481610821210947, 32, 16.5
switching patient
377, 0, 0.2999999999999999, 10, 55.20000076293945
378, 0, 0.3, 5, -53.79999923706055
379, 0, 0.3, 5, -85.5
380, 0, 0.3, 5, -43.79999923706055
switching patient
381, 0, 0.3, 5, 41.79999923706055
switching patient
382, 0, 2.0813640255298944, 33, -29.5
383, 4, 2.0813640255298944, 33, -45.5
384, 0, 1.7813640255298944, 28, 30.5
switching patient
385, 2, 1.9163155882685452, 40, 24.600000381469727
386, 0, 1.6163155882685452, 35, -10.5
387, 0, 1.3163155882685451, 30, -36.20000076293945
switching patient
388, 0, 0.011489620575058868, 25, -384.8999938964844
switching patient
389, 0, 0.8384632815135382, 5, -42.5
switching patient
390, 0, 1.490695671180625, 40, 58.5
391, 0, 1.190695671180625, 35, 58.70000076293945
392, 0, 0.8906956711806249, 30, -55.70000076293945
switching patient
393, 1, 0.6180040948383838, 17, -161.6999969482422
394, 0, 0.3180040948383838, 12, -209.89999389648438
395, 0, 0.018004094838383833, 7, -226.39999389648438
396, 0, 0.3, 2, -86.0
switching patient
397, 0, 0.3, 10, 37.900001525878906
switching patient
398, 0, 0.1852478840337578, 20, -220.8000030517578
399, 0, 0.3, 15, -145.5
400, 0, 0.3, 10, -27.100000381469727
switching patient
401, 0, 0.3, 10, -369.3999938964844
402, 0, 0.3, 5, -224.39999389648438
403, 0, 0.3, 5, -221.8000030517578
404, 0, 0.3, 5, -222.8000030517578
405, 0, 0.3, 5, -228.8000030517578
switching patient
406, 0, 2.6406379222739957, 24, -345.5
407, 2, 2.9406379222739956, 19, -276.5
switching patient
408, 0, 0.3, 5, -118.4000015258789
switching patient
409, 0, 0.3, 5, -12.5
410, 3, 0.3, 5, -51.400001525878906
switching patient
411, 0, 0.6464358539349582, 17, -32.70000076293945
switching patient
412, 0, 2.5980022026681806, 34, 24.799999237060547
413, 0, 2.298002202668181, 29, -99.30000305175781
switching patient
414, 0, 0.6464358539349582, 17, -27.0
415, 4, 0.6464358539349582, 17, -7.599999904632568
416, 0, 0.3464358539349582, 12, 23.600000381469727
417, 0, 0.04643585393495819, 7, -24.600000381469727
418, 0, 0.3, 2, -118.19999694824219
419, 0, 0.3, 5, -70.5
420, 0, 0.3, 5, 26.100000381469727
switching patient
421, 0, 0.2999999999999999, 5, -15.199999809265137
422, 0, 0.3, 5, -52.5
423, 0, 0.3, 5, -49.20000076293945
424, 0, 0.3, 5, -49.79999923706055
425, 6, 0.3, 10, -173.1999969482422
switching patient
426, 5, 1.4384632815135383, 10, -65.5
switching patient
427, 0, 0.4671937644146172, 5, -190.89999389648438
428, 0, 0.1671937644146172, 5, -227.39999389648438
429, 0, 0.3, 5, -197.6999969482422
switching patient
430, 0, 0.8486958800912334, 19, -179.89999389648438
431, 0, 0.5486958800912334, 14, -219.39999389648438
432, 0, 0.2486958800912334, 9, -285.29998779296875
switching patient
433, 0, 0.7651558538838152, 21, -116.80000305175781
434, 0, 0.46515585388381525, 16, -179.0
435, 0, 0.16515585388381526, 11, -227.10000610351562
436, 0, 0.3, 6, -147.8000030517578
437, 0, 0.3, 1, -273.70001220703125
438, 0, 0.3, 5, -61.400001525878906
switching patient
439, 0, 1.4384632815135383, 10, -127.0
switching patient
440, 2, 2.0833925988244877, 44, -157.5
441, 0, 1.7833925988244876, 39, -35.5
442, 8, 2.0833925988244877, 44, -215.5
switching patient
443, 0, 0.011489620575058868, 25, -377.8999938964844
444, 0, 0.3, 20, -371.6000061035156
445, 1, 0.3, 15, -309.6000061035156
446, 0, 0.3, 10, -217.60000610351562
447, 0, 0.3, 5, -182.60000610351562
switching patient
448, 0, 1.8037693781785105, 20, -173.5
449, 0, 1.5037693781785104, 15, -53.5
switching patient
450, 0, 1.7813640255298944, 28, 20.5
451, 4, 1.7813640255298944, 28, 20.5
452, 0, 1.4813640255298943, 23, 0.699999988079071
453, 0, 1.1813640255298943, 18, 102.9000015258789
454, 0, 0.8813640255298942, 13, -84.30000305175781
switching patient
455, 3, 0.3, 10, -181.60000610351562
456, 0, 0.3, 5, -118.4000015258789
457, 0, 0.3, 5, -88.19999694824219
458, 0, 0.3, 5, -20.799999237060547
459, 0, 0.3, 5, -113.9000015258789
460, 0, 0.3, 5, -105.0999984741211
461, 0, 0.3, 5, -132.39999389648438
switching patient
462, 0, 0.3, 5, -206.5
switching patient
463, 0, 1.4384632815135383, 10, -74.0
464, 0, 1.1384632815135383, 5, -104.5
465, 0, 0.8384632815135382, 5, -35.0
switching patient
466, 0, 2.0833925988244877, 44, -145.5
switching patient
467, 0, 2.1998569243569426, 45, -306.5
468, 6, 1.8998569243569425, 50, -124.0
469, 0, 1.5998569243569425, 45, -29.5
switching patient
470, 0, 0.7125394833302716, 5, 43.5
471, 0, 0.41253948333027163, 5, 60.79999923706055
472, 0, 0.11253948333027164, 5, 1.0502709812953981e-13
switching patient
473, 7, 0.5486958800912334, 19, -331.6000061035156
switching patient
474, 0, 0.8906956711806249, 30, -70.0
switching patient
475, 0, 0.3, 34, -180.0
476, 0, 0.3, 29, -200.1999969482422
477, 0, 0.3, 24, -184.1999969482422
switching patient
478, 0, 1.6173760363924519, 38, -12.199999809265137
479, 0, 1.3173760363924518, 33, 62.5
480, 0, 1.0173760363924518, 28, -33.70000076293945
481, 5, 1.3173760363924518, 28, 19.899999618530273
switching patient
482, 0, 0.3, 5, -127.4000015258789
483, 0, 0.3, 5, -99.0
484, 0, 0.3, 5, -24.399999618530273
switching patient
485, 0, 0.3, 5, -186.39999389648438
486, 0, 0.3, 5, -186.0
switching patient
487, 0, 1.5037693781785104, 15, -55.5
488, 0, 1.2037693781785104, 10, -23.5
489, 0, 0.9037693781785103, 5, -160.5
490, 0, 0.6037693781785103, 5, 2.0
switching patient
491, 0, 1.741670644674272, 31, 45.0
492, 0, 1.441670644674272, 26, -28.600000381469727
493, 0, 1.141670644674272, 21, -40.099998474121094
494, 0, 0.8416706446742719, 16, -129.8000030517578
switching patient
495, 0, 0.3, 2, -94.0
496, 0, 0.3, 5, -100.69999694824219
497, 0, 0.3, 5, -113.5
498, 0, 0.3, 5, -140.8000030517578
switching patient
499, 0, 0.3, 10, -31.0
500, 0, 0.3, 5, 43.20000076293945
501, 0, 0.3, 5, -60.29999923706055
502, 0, 0.3, 5, 54.20000076293945
503, 0, 0.3, 5, 62.29999923706055
switching patient
504, 0, 2.9406379222739956, 19, -262.0
505, 0, 2.6406379222739957, 14, -309.0
switching patient
506, 0, 0.5144839880395748, 28, -183.89999389648438
507, 0, 0.21448398803957486, 23, -389.20001220703125
508, 0, 0.3, 18, -263.20001220703125
509, 0, 0.3, 13, -218.0
510, 0, 0.3, 8, -180.8000030517578
511, 0, 0.3, 3, 32.29999923706055
512, 0, 0.3, 5, -31.0
513, 0, 0.3, 5, -168.8000030517578
514, 0, 0.3, 5, -68.5999984741211
switching patient
515, 0, 0.3, 5, -193.8000030517578
516, 0, 0.3, 5, -182.60000610351562
517, 0, 0.3, 5, -174.0
switching patient
518, 0, 0.4255820665466091, 5, -201.1999969482422
519, 4, 0.4255820665466091, 5, -186.60000610351562
switching patient
520, 0, 0.8906956711806249, 30, -120.69999694824219
switching patient
521, 7, 0.6, 15, -145.5
switching patient
522, 0, 1.7638961774324005, 9, -169.3000030517578
523, 2, 2.0638961774324005, 4, -125.9000015258789
switching patient
524, 0, 1.6383702913289193, 35, -69.5
525, 0, 1.3383702913289193, 30, 40.5
526, 0, 1.0383702913289192, 25, 22.200000762939453
527, 0, 0.7383702913289192, 20, 57.400001525878906
528, 0, 0.4383702913289192, 15, -131.10000610351562
switching patient
529, 0, 0.5999999999999999, 15, -144.89999389648438
switching patient
530, 0, 0.3837982580679807, 11, -123.30000305175781
switching patient
531, 0, 0.3837982580679807, 11, -135.39999389648438
532, 0, 0.08379825806798069, 6, -180.5
533, 0, 0.3, 1, -312.79998779296875
switching patient
534, 0, 0.8813640255298942, 13, -88.19999694824219
535, 6, 0.5813640255298942, 18, -161.39999389648438
switching patient
536, 0, 0.3, 45, -239.60000610351562
537, 0, 0.3, 40, -220.1999969482422
538, 0, 0.3, 35, -208.1999969482422
switching patient
539, 0, 0.3, 5, -135.3000030517578
540, 3, 0.3, 5, -97.9000015258789
541, 0, 0.3, 5, -83.5999984741211
542, 0, 0.3, 5, -162.39999389648438
switching patient
543, 3, 0.3, 10, -204.6999969482422
544, 6, 0.3, 15, -295.70001220703125
545, 0, 0.3, 10, -206.6999969482422
switching patient
546, 0, 1.5545693468726531, 32, -17.5
547, 0, 1.254569346872653, 27, 44.5
548, 1, 1.254569346872653, 22, 22.5
switching patient
549, 0, 1.7242816454389776, 14, -273.5
550, 0, 1.4242816454389775, 9, -186.0
551, 3, 1.1242816454389775, 9, -84.5
552, 0, 0.8242816454389774, 4, -113.5
switching patient
553, 0, 0.8416706446742719, 16, -98.9000015258789
554, 0, 0.5416706446742718, 11, -162.10000610351562
555, 0, 0.24167064467427185, 6, -181.8000030517578
556, 0, 0.3, 1, -297.1000061035156
557, 0, 0.3, 5, -161.8000030517578
558, 0, 0.3, 5, -124.5999984741211
switching patient
559, 0, 1.4759892458259967, 15, 12.5
560, 0, 1.1759892458259966, 10, 136.6999969482422
561, 0, 0.8759892458259966, 5, 57.5
562, 0, 0.5759892458259965, 5, -17.0
563, 0, 0.27598924582599654, 5, -175.5
564, 0, 0.3, 5, -109.9000015258789
565, 0, 0.3, 5, -60.400001525878906
switching patient
566, 0, 0.5813640255298942, 18, -159.39999389648438
switching patient
567, 0, 0.3, 5, -206.8000030517578
switching patient
568, 0, 0.4255820665466091, 5, -189.0
569, 0, 0.12558206654660908, 5, -234.8000030517578
switching patient
570, 0, 1.3173760363924518, 28, 14.5
571, 0, 1.0173760363924518, 23, -12.899999618530273
572, 0, 0.7173760363924517, 18, 21.0
573, 0, 0.41737603639245174, 13, -141.8000030517578
574, 0, 0.11737603639245175, 8, -195.8000030517578
switching patient
575, 0, 2.013132892430673, 37, -68.69999694824219
switching patient
576, 0, 0.267012450856917, 15, -93.4000015258789
switching patient
577, 0, 0.3, 24, -207.39999389648438
578, 0, 0.3, 19, -168.39999389648438
switching patient
579, 0, 2.508411050630587, 35, -237.0
580, 0, 2.208411050630587, 30, -261.5
581, 0, 1.9084110506305871, 25, -169.5
switching patient
582, 0, 2.298002202668181, 29, 39.29999923706055
switching patient
583, 0, 0.3, 5, -94.0
584, 0, 0.3, 5, -52.20000076293945
switching patient
585, 4, 0.8999999999999999, 20, -71.30000305175781
586, 0, 0.5999999999999999, 15, -151.10000610351562
587, 0, 0.2999999999999999, 10, -200.1999969482422
588, 0, 0.3, 5, -82.30000305175781
switching patient
589, 0, 1.254569346872653, 22, 38.5
switching patient
590, 0, 0.3, 5, -212.1999969482422
591, 0, 0.3, 5, -210.8000030517578
592, 0, 0.3, 5, -209.1999969482422
593, 0, 0.3, 5, -204.60000610351562
594, 0, 0.3, 5, -203.0
595, 0, 0.3, 5, -212.1999969482422
596, 0, 0.3, 5, -206.1999969482422
597, 0, 0.3, 5, -196.39999389648438
598, 0, 0.3, 5, -213.0
599, 0, 0.3, 5, -190.0
600, 0, 0.3, 5, -200.60000610351562
601, 0, 0.3, 5, -194.60000610351562
switching patient
602, 0, 0.5813640255298942, 18, -158.1999969482422
603, 0, 0.2813640255298942, 13, -213.1999969482422
604, 0, 0.3, 8, -181.8000030517578
605, 0, 0.3, 3, -60.79999923706055
606, 0, 0.3, 5, -67.4000015258789
607, 0, 0.3, 5, -68.5999984741211
608, 0, 0.3, 5, -85.5999984741211
609, 0, 0.3, 5, 36.599998474121094
610, 0, 0.3, 5, -132.5
611, 0, 0.3, 5, -22.5
612, 0, 0.3, 5, 28.799999237060547
switching patient
613, 0, 0.3, 5, -0.30000001192092896
614, 5, 0.6, 5, -24.799999237060547
switching patient
615, 0, 2.0638961774324005, 4, -128.5
616, 0, 1.7638961774324005, 5, -154.5
617, 0, 1.4638961774324004, 5, -187.8000030517578
618, 0, 1.1638961774324004, 5, -198.1999969482422
switching patient
619, 0, 0.3, 5, -169.89999389648438
620, 0, 0.3, 5, -48.900001525878906
621, 0, 0.3, 5, -124.5999984741211
622, 0, 0.3, 5, -4.800000190734863
623, 0, 0.3, 5, -2.0999999046325684
624, 0, 0.3, 5, -22.600000381469727
625, 0, 0.3, 5, 8.600000381469727
626, 0, 0.3, 5, 3.0
switching patient
627, 0, 1.2355546231804964, 29, 8.0
628, 0, 0.9355546231804963, 24, -84.30000305175781
switching patient
629, 0, 1.3163155882685451, 30, -38.79999923706055
630, 0, 1.016315588268545, 25, -72.19999694824219
631, 0, 0.716315588268545, 20, -161.10000610351562
632, 2, 1.016315588268545, 15, -62.20000076293945
633, 0, 0.716315588268545, 10, -131.10000610351562
634, 0, 0.41631558826854503, 5, -21.399999618530273
635, 0, 0.11631558826854504, 5, -191.6999969482422
636, 0, 0.3, 5, -176.6999969482422
637, 0, 0.3, 5, -172.3000030517578
switching patient
638, 0, 0.8242816454389774, 4, -166.5
639, 0, 0.5242816454389774, 5, -73.0
switching patient
640, 0, 2.6406379222739957, 14, -325.5
641, 0, 2.340637922273996, 9, -248.5
642, 0, 2.040637922273996, 4, -251.5
643, 0, 1.740637922273996, 5, -198.5
644, 0, 1.440637922273996, 5, -88.5
switching patient
645, 0, 0.3, 5, -123.0
646, 0, 0.3, 5, -83.5999984741211
switching patient
647, 0, 0.6037693781785103, 5, 38.5
648, 0, 0.3037693781785103, 5, -40.70000076293945
649, 0, 0.0037693781785103075, 5, -81.5999984741211
650, 0, 0.3, 5, 26.200000762939453
651, 0, 0.3, 5, 40.0
652, 0, 0.3, 5, -53.900001525878906
653, 0, 0.3, 5, -13.0
654, 7, 0.3, 10, -86.9000015258789
switching patient
655, 0, 0.3, 5, -16.5
656, 0, 0.3, 5, -135.60000610351562
657, 0, 0.3, 5, -42.29999923706055
658, 0, 0.3, 5, 22.700000762939453
switching patient
659, 0, 0.3, 5, -93.4000015258789
660, 0, 0.3, 5, -97.5999984741211
661, 0, 0.3, 5, -10.699999809265137
switching patient
662, 0, 0.3, 5, -119.19999694824219
switching patient
663, 0, 0.4383702913289192, 15, -131.10000610351562
664, 0, 0.1383702913289192, 10, -184.39999389648438
665, 1, 0.1383702913289192, 5, -89.69999694824219
666, 0, 0.3, 5, -31.399999618530273
667, 0, 0.3, 5, -50.70000076293945
668, 4, 0.3, 5, 8.800000190734863
switching patient
669, 0, 0.3, 1, -338.3999938964844
670, 0, 0.3, 5, -19.799999237060547
switching patient
671, 0, 0.3, 5, 43.20000076293945
672, 0, 0.3, 5, -17.5
switching patient
673, 0, 1.9084110506305871, 25, -161.5
switching patient
674, 0, 1.9084110506305871, 25, -145.5
switching patient
675, 8, 0.8999999999999999, 15, -139.5
switching patient
676, 0, 0.3, 10, -119.0999984741211
677, 0, 0.3, 5, -52.0
678, 0, 0.3, 5, -55.099998474121094
679, 0, 0.3, 5, -50.0
680, 0, 0.3, 5, -31.899999618530273
switching patient
681, 0, 0.3, 5, -167.10000610351562
682, 0, 0.3, 5, -110.0
683, 1, 0.3, 5, -28.799999237060547
switching patient
684, 0, 0.3, 5, -26.399999618530273
685, 0, 0.3, 5, -84.80000305175781
686, 0, 0.3, 5, -49.400001525878906
687, 0, 0.3, 5, -111.19999694824219
688, 0, 0.3, 5, -42.29999923706055
689, 0, 0.3, 5, -117.80000305175781
690, 0, 0.3, 5, -133.6999969482422
switching patient
691, 0, 0.3, 10, 22.299999237060547
692, 0, 0.3, 5, -107.0999984741211
693, 0, 0.3, 5, 4.900000095367432
694, 0, 0.3, 5, -79.9000015258789
695, 6, 0.3, 10, -20.600000381469727
switching patient
696, 3, 0.3, 10, -214.89999389648438
697, 0, 0.3, 5, -140.10000610351562
switching patient
698, 0, 0.3, 10, 26.399999618530273
699, 0, 0.3, 5, -98.80000305175781
switching patient
700, 0, 1.5998569243569425, 45, -39.5
701, 0, 1.2998569243569424, 40, 10.300000190734863
702, 0, 0.9998569243569424, 35, 80.5
703, 0, 0.6998569243569424, 30, -31.0
704, 0, 0.39985692435694237, 25, -146.39999389648438
705, 0, 0.09985692435694238, 20, -338.79998779296875
706, 0, 0.3, 15, -162.5
707, 3, 0.3, 15, -159.5
708, 0, 0.3, 10, -102.69999694824219
709, 0, 0.3, 5, -4.900000095367432
switching patient
710, 0, 0.5486958800912334, 19, -306.6000061035156
711, 0, 0.2486958800912334, 14, -331.29998779296875
712, 0, 0.3, 9, -254.60000610351562
switching patient
713, 0, 0.3, 5, -101.5
switching patient
714, 0, 0.3, 8, -194.89999389648438
715, 0, 0.3, 3, -64.5999984741211
716, 0, 0.3, 5, -175.89999389648438
switching patient
717, 0, 0.3, 5, -31.0
switching patient
718, 0, 0.3, 5, -140.6999969482422
719, 0, 0.3, 5, 0.8999999761581421
switching patient
720, 0, 1.254569346872653, 22, 6.5
switching patient
721, 0, 0.3, 35, -196.1999969482422
722, 0, 0.3, 30, -206.8000030517578
switching patient
723, 0, 0.3, 5, 9.5
724, 0, 0.3, 5, 21.100000381469727
switching patient
725, 0, 0.11737603639245175, 8, -184.0
switching patient
726, 0, 0.8609903295210954, 25, -157.3000030517578
727, 0, 0.5609903295210954, 20, -235.3000030517578
728, 0, 0.2609903295210954, 15, -365.0
switching patient
729, 0, 0.3, 30, -195.1999969482422
730, 0, 0.3, 25, -172.1999969482422
731, 0, 0.3, 20, -159.39999389648438
732, 0, 0.3, 15, -148.60000610351562
733, 0, 0.3, 10, 34.0
switching patient
734, 0, 0.3, 10, -203.6999969482422
switching patient
735, 2, 0.8999999999999999, 5, -120.0
736, 0, 0.5999999999999999, 5, 14.899999618530273
737, 0, 0.2999999999999999, 5, -94.19999694824219
738, 0, 0.3, 5, -38.29999923706055
739, 0, 0.3, 5, -47.79999923706055
740, 0, 0.3, 5, -26.600000381469727
741, 0, 0.3, 5, -102.4000015258789
742, 0, 0.3, 5, -52.70000076293945
743, 0, 0.3, 5, -5.599999904632568
switching patient
744, 0, 0.3, 5, -41.5
745, 0, 0.3, 5, -29.899999618530273
746, 0, 0.3, 5, 37.099998474121094
747, 0, 0.3, 5, -21.299999237060547
748, 0, 0.3, 5, 8.800000190734863
749, 0, 0.3, 5, 31.399999618530273
750, 0, 0.3, 5, -47.20000076293945
751, 0, 0.3, 5, -22.799999237060547
752, 0, 0.3, 5, 24.200000762939453
753, 0, 0.3, 5, 39.099998474121094
754, 0, 0.3, 5, -23.399999618530273
755, 8, 0.6, 10, 63.599998474121094
switching patient
756, 0, 1.254569346872653, 22, 6.5
switching patient
757, 0, 1.5481610821210947, 32, -29.5
758, 0, 1.2481610821210947, 27, 34.5
switching patient
759, 6, 0.9355546231804963, 34, -137.5
760, 0, 0.6355546231804963, 29, -181.8000030517578
761, 0, 0.3355546231804963, 24, -303.8999938964844
switching patient
762, 0, 0.8906956711806249, 30, -101.19999694824219
switching patient
763, 0, 2.6062412774492105, 35, -240.0
764, 0, 2.3062412774492107, 30, -95.5
765, 0, 2.006241277449211, 25, -67.5
766, 6, 1.7062412774492108, 30, 38.5
767, 0, 1.4062412774492108, 25, 28.5
768, 0, 1.1062412774492107, 20, 144.5
769, 0, 0.8062412774492107, 15, -66.0999984741211
770, 0, 0.5062412774492107, 10, -144.10000610351562
771, 0, 0.20624127744921067, 5, -55.599998474121094
772, 1, 0.20624127744921067, 5, -68.5999984741211
switching patient
773, 0, 0.3, 5, -69.0
774, 0, 0.3, 5, -92.5
775, 0, 0.3, 5, -110.19999694824219
776, 0, 0.3, 5, 4.800000190734863
777, 0, 0.3, 5, -56.599998474121094
778, 0, 0.3, 5, -130.39999389648438
779, 0, 0.3, 5, -170.1999969482422
780, 0, 0.3, 5, -139.60000610351562
781, 0, 0.3, 5, -132.89999389648438
782, 0, 0.3, 5, -84.5
switching patient
783, 0, 0.5999999999999999, 5, -19.299999237060547
784, 0, 0.2999999999999999, 5, 0.30000001192092896
switching patient
785, 0, 0.3, 19, -164.39999389648438
786, 0, 0.3, 14, -152.60000610351562
787, 0, 0.3, 9, -36.20000076293945
788, 0, 0.3, 4, -16.100000381469727
switching patient
789, 0, 2.013132892430673, 37, -53.099998474121094
790, 0, 1.713132892430673, 32, -89.5999984741211
switching patient
791, 0, 0.3, 9, -268.6000061035156
792, 0, 0.3, 4, -185.60000610351562
793, 0, 0.3, 5, -192.8000030517578
switching patient
794, 0, 2.0833925988244877, 44, -163.5
795, 0, 1.7833925988244876, 39, -55.5
switching patient
796, 0, 1.9084110506305871, 25, -201.5
797, 0, 1.608411050630587, 20, -55.5
798, 0, 1.308411050630587, 15, 8.5
799, 0, 1.008411050630587, 10, 70.5
switching patient
800, 0, 0.267012450856917, 15, -84.30000305175781
801, 0, 0.3, 10, 57.5
switching patient
802, 0, 1.440637922273996, 5, -118.5
803, 0, 1.140637922273996, 5, -64.5
switching patient
804, 0, 0.8999999999999999, 15, -139.5
805, 0, 0.5999999999999999, 10, -168.60000610351562
806, 2, 0.8999999999999999, 5, 10.600000381469727
807, 0, 0.5999999999999999, 5, -51.79999923706055
808, 0, 0.2999999999999999, 5, -102.4000015258789
809, 0, 0.3, 5, -178.60000610351562
switching patient
810, 0, 0.11253948333027164, 5, -130.39999389648438
811, 0, 0.3, 5, -14.100000381469727
812, 0, 0.3, 5, -69.4000015258789
switching patient
813, 0, 2.66956100595924, 45, -303.0
814, 0, 2.3695610059592402, 40, -207.0
switching patient
815, 0, 0.3, 5, -60.599998474121094
816, 2, 0.6, 5, 77.30000305175781
817, 4, 0.6, 5, 10.100000381469727
818, 0, 0.3, 5, -87.5999984741211
819, 0, 0.3, 5, -5.400000095367432
switching patient
820, 0, 0.3, 5, -98.0999984741211
821, 0, 0.3, 5, -180.3000030517578
822, 0, 0.3, 5, -134.39999389648438
823, 0, 0.3, 5, -155.1999969482422
824, 0, 0.3, 5, -54.900001525878906
switching patient
825, 0, 0.3, 5, -51.900001525878906
switching patient
826, 0, 0.3, 5, -201.0
827, 0, 0.3, 5, -207.8000030517578
828, 0, 0.3, 5, -210.1999969482422
switching patient
829, 0, 0.3, 5, -205.39999389648438
830, 0, 0.3, 5, -193.1999969482422
831, 0, 0.3, 5, -201.39999389648438
switching patient
832, 0, 0.3, 5, -208.0
833, 0, 0.3, 5, -214.39999389648438
switching patient
834, 0, 0.20624127744921067, 5, -172.89999389648438
835, 0, 0.3, 5, -85.69999694824219
836, 0, 0.3, 5, -26.799999237060547
837, 0, 0.3, 5, -80.19999694824219
838, 0, 0.3, 5, -24.799999237060547
839, 0, 0.3, 5, -28.0
840, 0, 0.3, 5, -6.5
841, 0, 0.3, 5, -12.800000190734863
842, 0, 0.3, 5, -52.400001525878906
843, 0, 0.3, 5, -63.5
844, 0, 0.3, 5, -114.4000015258789
switching patient
845, 0, 0.3, 5, -59.29999923706055
846, 0, 0.3, 5, -50.5
847, 0, 0.3, 5, -27.100000381469727
848, 0, 0.3, 5, -88.19999694824219
849, 6, 0.3, 10, -202.60000610351562
850, 0, 0.3, 5, -123.69999694824219
851, 0, 0.3, 5, -171.1999969482422
852, 0, 0.3, 5, -70.5
853, 0, 0.3, 5, -119.0
switching patient
854, 0, 0.8906956711806249, 30, -58.79999923706055
855, 0, 0.5906956711806248, 25, -154.39999389648438
856, 0, 0.29069567118062484, 20, -275.8999938964844
857, 0, 0.3, 15, -198.1999969482422
858, 0, 0.3, 10, -179.1999969482422
859, 0, 0.3, 5, -105.80000305175781
switching patient
860, 0, 0.3, 5, -75.30000305175781
861, 0, 0.3, 5, -85.19999694824219
862, 0, 0.3, 5, -68.69999694824219
switching patient
863, 0, 0.3, 5, 1.0
switching patient
864, 0, 0.3, 5, 16.0
865, 0, 0.3, 5, 12.699999809265137
866, 0, 0.3, 5, 25.799999237060547
867, 0, 0.3, 5, 5.0
switching patient
868, 0, 0.2999999999999999, 5, 54.79999923706055
switching patient
869, 0, 0.3, 5, -40.5
switching patient
870, 0, 0.2609903295210954, 15, -288.20001220703125
871, 5, 0.5609903295210954, 15, -196.89999389648438
switching patient
872, 0, 0.5999999999999999, 10, 123.69999694824219
873, 0, 0.2999999999999999, 5, -75.80000305175781
switching patient
874, 0, 1.2481610821210947, 27, 56.5
875, 0, 0.9481610821210946, 22, -3.700000047683716
876, 0, 0.6481610821210946, 17, 24.899999618530273
switching patient
877, 0, 1.008411050630587, 10, 12.5
878, 0, 0.708411050630587, 5, -38.70000076293945
879, 0, 0.40841105063058697, 5, 4.800000190734863
880, 0, 0.10841105063058698, 5, -150.1999969482422
881, 3, 0.3, 5, -18.5
882, 0, 0.3, 5, 0.30000001192092896
883, 0, 0.3, 5, -52.29999923706055
884, 0, 0.3, 5, -79.19999694824219
885, 0, 0.3, 5, -24.200000762939453
886, 0, 0.3, 5, -17.399999618530273
887, 5, 0.6, 5, -21.600000381469727
888, 0, 0.3, 5, -59.70000076293945
889, 0, 0.3, 5, -42.79999923706055
switching patient
890, 0, 0.3, 10, -198.6999969482422
891, 5, 0.6, 10, -151.1999969482422
892, 0, 0.3, 5, -141.5
switching patient
893, 0, 0.3, 5, -173.8000030517578
894, 0, 0.3, 5, -71.80000305175781
895, 0, 0.3, 5, -133.6999969482422
896, 0, 0.3, 5, -124.5999984741211
897, 0, 0.3, 5, -142.8000030517578
switching patient
898, 0, 0.3, 5, -63.79999923706055
899, 0, 0.3, 5, -67.9000015258789
switching patient
900, 0, 0.6481610821210946, 17, 40.5
switching patient
901, 0, 0.3, 5, -158.39999389648438
902, 0, 0.3, 5, -17.5
switching patient
903, 0, 0.3, 5, -1.100000023841858
904, 0, 0.3, 5, -34.5
905, 1, 0.3, 5, -36.5
switching patient
906, 0, 1.2756635787409218, 33, -148.10000610351562
switching patient
907, 0, 0.3, 5, -202.3000030517578
908, 0, 0.3, 5, -214.5
909, 0, 0.3, 5, -210.3000030517578
switching patient
910, 0, 0.3, 10, 24.5
911, 0, 0.3, 5, -97.80000305175781
912, 0, 0.3, 5, -66.5999984741211
913, 0, 0.3, 5, -126.5999984741211
914, 1, 0.3, 5, -153.5
915, 0, 0.3, 5, -134.5
916, 0, 0.3, 5, -87.5999984741211
917, 0, 0.3, 5, -33.900001525878906
918, 0, 0.3, 5, -34.20000076293945
switching patient
919, 0, 2.3695610059592402, 40, -206.0
920, 0, 2.0695610059592404, 35, -274.0
921, 0, 1.7695610059592404, 30, -127.5
switching patient
922, 0, 0.3, 5, -99.19999694824219
switching patient
923, 1, 0.6, 5, -17.899999618530273
924, 0, 0.3, 5, -172.5
switching patient
925, 0, 0.3, 5, -62.79999923706055
926, 0, 0.3, 5, -72.5999984741211
927, 5, 0.6, 5, 36.20000076293945
928, 0, 0.3, 5, -50.29999923706055
929, 0, 0.3, 5, 23.799999237060547
930, 0, 0.3, 5, -0.20000000298023224
931, 0, 0.3, 5, -117.30000305175781
switching patient
932, 0, 1.286131792228626, 29, 38.5
933, 0, 0.9861317922286259, 24, 88.5
switching patient
934, 0, 1.7833925988244876, 39, -73.5
switching patient
935, 0, 0.2999999999999999, 5, -113.4000015258789
switching patient
936, 0, 0.3, 5, -203.0
937, 0, 0.3, 5, -188.1999969482422
938, 0, 0.3, 5, -198.60000610351562
switching patient
939, 0, 0.3, 5, -174.10000610351562
switching patient
940, 0, 0.3, 5, -195.1999969482422
941, 0, 0.3, 5, -187.39999389648438
942, 0, 0.3, 5, -197.8000030517578
943, 0, 0.3, 5, -198.8000030517578
944, 0, 0.3, 5, -204.1999969482422
945, 0, 0.3, 5, -194.0
946, 0, 0.3, 5, -195.60000610351562
947, 0, 0.3, 5, -183.8000030517578
948, 4, 0.3, 5, -197.0
switching patient
949, 0, 0.5242816454389774, 5, -30.0
950, 0, 0.22428164543897738, 5, -116.30000305175781
switching patient
951, 0, 0.3, 5, 21.899999618530273
switching patient
952, 0, 0.3, 5, -207.39999389648438
953, 0, 0.3, 5, -190.1999969482422
switching patient
954, 0, 0.3, 5, -205.0
955, 0, 0.3, 5, -190.1999969482422
switching patient
956, 0, 1.2756635787409218, 33, -158.1999969482422
957, 0, 0.9756635787409218, 28, -175.39999389648438
958, 0, 0.6756635787409218, 23, -310.1000061035156
switching patient
959, 0, 0.3, 5, -99.4000015258789
960, 2, 0.6, 5, -68.69999694824219
961, 0, 0.3, 5, -85.19999694824219
962, 0, 0.3, 5, -84.30000305175781
switching patient
963, 0, 0.3, 5, -41.5
964, 0, 0.3, 5, -2.200000047683716
switching patient
965, 0, 0.3, 5, -17.299999237060547
966, 0, 0.3, 5, 11.5
967, 0, 0.3, 5, -119.4000015258789
968, 0, 0.3, 5, -170.3000030517578
switching patient
969, 0, 0.3, 5, -201.6999969482422
970, 0, 0.3, 5, -192.5
971, 0, 0.3, 5, -203.3000030517578
972, 0, 0.3, 5, -213.5
973, 0, 0.3, 5, -216.6999969482422
974, 0, 0.3, 5, -204.3000030517578
switching patient
975, 0, 0.6481610821210946, 17, 21.0
976, 0, 0.3481610821210946, 12, -148.6999969482422
977, 0, 0.0481610821210946, 7, -138.5
978, 0, 0.3, 2, -94.19999694824219
979, 0, 0.3, 5, -45.599998474121094
980, 0, 0.3, 5, 8.100000381469727
switching patient
981, 0, 0.3, 5, -89.5
switching patient
982, 0, 0.3, 5, -59.400001525878906
983, 0, 0.3, 5, -142.10000610351562
984, 0, 0.3, 5, -126.0
985, 6, 0.3, 10, -202.60000610351562
986, 0, 0.3, 5, -180.1999969482422
switching patient
987, 0, 0.3, 5, -83.0
988, 0, 0.3, 5, -83.0999984741211
989, 0, 0.3, 5, -70.30000305175781
990, 0, 0.3, 5, -79.0999984741211
switching patient
991, 2, 0.8999999999999999, 5, 54.5
switching patient
992, 0, 0.3, 5, 4.099999904632568
993, 0, 0.3, 5, 13.5
994, 5, 0.6, 5, 10.0
995, 0, 0.3, 5, 0.5
switching patient
996, 0, 0.3, 5, -129.10000610351562
997, 0, 0.3, 5, -137.0
998, 0, 0.3, 5, -174.6999969482422
999, 0, 0.3, 5, -141.3000030517578
New Experiment - Num episodes: 1000
iteration, action, basal, carb, reward
switching patient
0, 3, 2.8941459159965763, 50, 102.5
switching patient
1, 2, 1.806736270810849, 21, 21.0
2, 6, 1.506736270810849, 26, -82.30000305175781
3, 7, 1.506736270810849, 31, -123.30000305175781
4, 6, 1.2067362708108489, 36, -149.3000030517578
5, 4, 1.2067362708108489, 36, -134.89999389648438
6, 8, 1.506736270810849, 41, -127.69999694824219
7, 5, 1.806736270810849, 41, 0.5
8, 0, 1.506736270810849, 36, -114.0999984741211
9, 6, 1.2067362708108489, 41, -139.89999389648438
10, 2, 1.506736270810849, 36, -85.19999694824219
switching patient
11, 5, 0.7262391331853759, 15, -213.5
switching patient
12, 2, 2.3409888863798884, 39, 13.199999809265137
switching patient
13, 3, 2.960932182141436, 44, -367.0
14, 6, 2.660932182141436, 49, -358.5
15, 0, 2.360932182141436, 44, -272.5
16, 8, 2.660932182141436, 49, -346.5
17, 0, 2.360932182141436, 44, -241.5
switching patient
18, 4, 0.6, 29, -73.80000305175781
19, 3, 0.3, 29, -223.5
20, 7, 0.3, 34, -223.10000610351562
21, 8, 0.6, 39, -128.6999969482422
switching patient
22, 1, 2.9599386331773787, 42, -55.5
switching patient
23, 7, 3.194145915996576, 50, 39.599998474121094
switching patient
24, 8, 2.468048456728114, 44, -314.5
25, 8, 2.768048456728114, 49, -363.0
26, 3, 2.468048456728114, 49, -356.5
27, 0, 2.168048456728114, 44, -231.0
28, 7, 2.168048456728114, 49, -236.5
29, 0, 1.8680484567281141, 44, -285.0
30, 0, 1.568048456728114, 39, -102.0
31, 3, 1.268048456728114, 39, -9.5
32, 4, 1.268048456728114, 39, -11.5
33, 8, 1.568048456728114, 44, -92.0
switching patient
34, 3, 1.9920691719500183, 41, -103.5
35, 7, 1.9920691719500183, 46, -87.5
switching patient
36, 1, 1.687033113173854, 28, 6.5
37, 0, 1.387033113173854, 23, 1.7000000476837158
switching patient
38, 8, 3.097259812625488, 50, -336.5
39, 8, 3.397259812625488, 50, -398.5
40, 0, 3.097259812625488, 45, -327.5
41, 8, 3.397259812625488, 50, -390.5
switching patient
42, 0, 1.038204940635322, 25, 31.399999618530273
43, 3, 0.7382049406353219, 25, -107.4000015258789
44, 6, 0.43820494063532195, 30, -208.1999969482422
switching patient
45, 4, 1.806736270810849, 41, -68.69999694824219
46, 0, 1.506736270810849, 36, -111.19999694824219
47, 0, 1.2067362708108489, 31, -136.6999969482422
48, 2, 1.506736270810849, 26, -120.69999694824219
switching patient
49, 0, 0.4678329060928957, 16, -241.10000610351562
50, 1, 0.4678329060928957, 11, -189.10000610351562
51, 0, 0.1678329060928957, 6, -207.89999389648438
52, 1, 0.1678329060928957, 1, -296.3999938964844
switching patient
53, 2, 1.3421441305057689, 18, 6.5
switching patient
54, 0, 1.201368177058328, 37, -122.19999694824219
55, 0, 0.901368177058328, 32, -235.39999389648438
56, 8, 1.201368177058328, 37, -127.4000015258789
57, 5, 1.501368177058328, 37, -90.19999694824219
58, 0, 1.201368177058328, 32, -122.5999984741211
59, 4, 1.201368177058328, 32, -127.4000015258789
switching patient
60, 0, 0.6012894496174468, 34, -232.89999389648438
61, 1, 0.6012894496174468, 29, -256.8999938964844
62, 0, 0.3012894496174468, 24, -365.20001220703125
63, 0, 0.001289449617446814, 19, -386.29998779296875
64, 0, 0.3, 14, -348.0
switching patient
65, 7, 1.1701608049482748, 15, 71.69999694824219
switching patient
66, 0, 0.818250430303171, 15, -127.19999694824219
67, 5, 1.118250430303171, 15, -18.0
switching patient
68, 1, 2.298201617624222, 39, -1.600000023841858
switching patient
69, 0, 1.568048456728114, 44, -98.0
switching patient
70, 0, 3.2680115499980804, 10, -405.5
switching patient
71, 3, 1.4412544343193212, 16, -41.5
72, 0, 1.1412544343193212, 11, -5.5
73, 4, 1.1412544343193212, 11, 14.5
74, 0, 0.8412544343193211, 6, -33.5
75, 0, 0.5412544343193211, 1, -190.0
76, 0, 0.2412544343193211, 5, -2.0
switching patient
77, 0, 0.3, 14, -336.20001220703125
switching patient
78, 6, 2.298201617624222, 49, -76.30000305175781
switching patient
79, 5, 1.5, 23, 43.0
80, 3, 1.2, 23, -107.69999694824219
81, 0, 0.8999999999999999, 18, -130.39999389648438
switching patient
82, 0, 2.6955248585166003, 42, -260.0
83, 0, 2.3955248585166005, 37, -154.5
switching patient
84, 5, 2.012041269602713, 22, -236.0
85, 7, 2.012041269602713, 27, -224.0
86, 2, 2.312041269602713, 22, -239.5
switching patient
87, 0, 0.8416787912826336, 30, -8.899999618530273
switching patient
88, 7, 2.598201617624222, 50, -6.199999809265137
89, 1, 2.598201617624222, 45, -40.0
90, 6, 2.298201617624222, 50, -54.400001525878906
91, 7, 2.298201617624222, 50, -35.20000076293945
92, 1, 2.298201617624222, 45, 84.69999694824219
93, 0, 1.998201617624222, 40, -90.80000305175781
switching patient
94, 0, 1.3107451677093092, 31, 34.5
95, 0, 1.0107451677093091, 26, -17.399999618530273
96, 0, 0.7107451677093091, 21, 17.100000381469727
switching patient
97, 6, 1.2, 19, -18.399999618530273
98, 5, 1.5, 19, -76.5
99, 0, 1.2, 14, -7.5
100, 3, 0.8999999999999999, 14, 38.0
101, 5, 1.2, 14, -21.5
102, 0, 0.8999999999999999, 9, -17.100000381469727
103, 5, 1.2, 9, -56.5
104, 0, 0.8999999999999999, 4, -155.5
105, 0, 0.5999999999999999, 5, -90.0
106, 0, 0.2999999999999999, 5, -24.100000381469727
switching patient
107, 2, 0.8999999999999999, 5, -83.0
108, 5, 1.2, 5, -198.0
switching patient
109, 7, 0.5765336424148391, 50, -257.20001220703125
110, 0, 0.2765336424148391, 45, -373.20001220703125
111, 6, 0.3, 50, -371.79998779296875
112, 0, 0.3, 45, -404.6000061035156
113, 0, 0.3, 40, -370.79998779296875
switching patient
114, 0, 2.9599386331773787, 42, -69.5
115, 0, 2.659938633177379, 37, -3.5
116, 6, 2.359938633177379, 42, 10.300000190734863
117, 7, 2.359938633177379, 47, 20.5
118, 4, 2.359938633177379, 47, -13.399999618530273
119, 3, 2.0599386331773792, 47, 70.5
switching patient
120, 0, 2.312041269602713, 22, -290.5
121, 3, 2.012041269602713, 22, -220.0
122, 0, 1.712041269602713, 17, -115.5
123, 1, 1.712041269602713, 12, -153.5
124, 5, 2.012041269602713, 12, -236.5
125, 0, 1.712041269602713, 7, -201.5
126, 2, 2.012041269602713, 2, -410.0
127, 0, 1.712041269602713, 5, -215.0
switching patient
128, 0, 3.194145915996576, 45, 82.5
switching patient
129, 0, 1.1701608049482748, 15, 65.19999694824219
switching patient
130, 0, 2.199693398265022, 5, -154.5
131, 1, 2.199693398265022, 5, -235.5
132, 6, 1.8996933982650221, 10, -47.5
133, 0, 1.599693398265022, 5, -109.5
134, 0, 1.299693398265022, 5, -80.5
135, 0, 0.999693398265022, 5, -5.5
136, 0, 0.699693398265022, 5, 79.5
137, 0, 0.399693398265022, 5, -28.0
138, 0, 0.09969339826502199, 5, -144.10000610351562
switching patient
139, 0, 2.360932182141436, 44, -253.0
switching patient
140, 0, 2.3409888863798884, 39, 23.600000381469727
141, 8, 2.6409888863798883, 44, 66.0
switching patient
142, 7, 2.012041269602713, 15, -256.0
143, 4, 2.012041269602713, 15, -285.5
144, 0, 1.712041269602713, 10, -154.0
145, 0, 1.412041269602713, 5, -152.0
switching patient
146, 0, 1.568048456728114, 44, -116.0
switching patient
147, 4, 1.1416787912826336, 35, 86.5
switching patient
148, 4, 2.940988886379888, 49, 76.5
149, 0, 2.6409888863798883, 44, 36.599998474121094
150, 6, 2.3409888863798884, 49, 144.5
151, 2, 2.6409888863798883, 44, -41.70000076293945
152, 0, 2.3409888863798884, 39, 114.5999984741211
153, 0, 2.0409888863798886, 34, -46.599998474121094
switching patient
154, 0, 3.397259812625488, 45, -399.0
switching patient
155, 3, 2.0409888863798886, 39, -41.400001525878906
156, 4, 2.0409888863798886, 39, -54.70000076293945
157, 0, 1.7409888863798886, 34, -64.80000305175781
158, 8, 2.0409888863798886, 39, -103.80000305175781
159, 0, 1.7409888863798886, 34, -64.80000305175781
switching patient
160, 5, 1.9020427560637947, 36, -153.5
switching patient
161, 0, 0.3, 40, -380.79998779296875
162, 0, 0.3, 35, -371.79998779296875
163, 0, 0.3, 30, -328.20001220703125
switching patient
164, 4, 0.5412544343193211, 10, 39.400001525878906
165, 0, 0.2412544343193211, 5, 54.79999923706055
switching patient
166, 7, 0.8945631918936983, 35, -162.6999969482422
switching patient
167, 7, 2.8416551762012676, 50, -483.5
168, 3, 2.541655176201268, 50, -399.5
169, 3, 2.241655176201268, 50, -366.5
170, 3, 1.941655176201268, 50, -290.0
171, 3, 1.6416551762012679, 50, -260.5
switching patient
172, 3, 2.6999999999999997, 48, -329.0
switching patient
173, 0, 1.9920691719500183, 45, -73.5
174, 6, 1.6920691719500183, 50, 6.5
175, 7, 1.6920691719500183, 50, -15.5
switching patient
176, 0, 2.3955248585166005, 37, -190.0
177, 8, 2.6955248585166003, 42, -329.0
178, 1, 2.6955248585166003, 37, -270.0
179, 6, 2.3955248585166005, 42, -162.0
180, 0, 2.0955248585166006, 37, -49.5
181, 7, 2.0955248585166006, 42, -51.5
switching patient
182, 0, 1.7409888863798886, 34, -70.0
183, 3, 1.4409888863798885, 34, -119.5
switching patient
184, 3, 3.720695249652601, 30, -350.5
185, 0, 3.420695249652601, 25, -360.5
186, 7, 3.420695249652601, 30, -375.0
switching patient
187, 0, 0.7044498644261203, 23, -91.0
188, 0, 0.40444986442612035, 18, -188.39999389648438
189, 0, 0.10444986442612036, 13, -263.5
190, 0, 0.3, 8, -165.5
191, 8, 0.6, 13, -128.5
192, 3, 0.3, 13, -199.6999969482422
switching patient
193, 1, 1.9872790165905674, 12, -238.5
194, 0, 1.6872790165905673, 7, -182.0
195, 0, 1.3872790165905673, 2, -230.0
196, 1, 1.3872790165905673, 5, -152.0
switching patient
197, 2, 1.214898905401029, 23, 2.4000000953674316
198, 0, 0.914898905401029, 18, -53.20000076293945
199, 4, 0.914898905401029, 18, -1.2999999523162842
switching patient
200, 0, 0.7107451677093091, 21, -3.700000047683716
switching patient
201, 0, 0.43820494063532195, 30, -192.8000030517578
switching patient
202, 8, 3.8962185532904354, 50, -532.0
203, 3, 3.5962185532904356, 50, -532.0
204, 6, 3.296218553290436, 50, -523.5
205, 3, 2.996218553290436, 50, -496.5
206, 3, 2.696218553290436, 50, -448.5
switching patient
207, 4, 0.8999999999999999, 44, 10.199999809265137
switching patient
208, 0, 0.3395067851783207, 30, -213.39999389648438
209, 6, 0.039506785178320736, 35, -386.79998779296875
210, 0, 0.3, 30, -199.8000030517578
switching patient
211, 0, 0.2412544343193211, 5, -13.300000190734863
switching patient
212, 3, 2.6999999999999997, 50, -340.0
switching patient
213, 3, 3.420695249652601, 35, -351.5
214, 4, 3.420695249652601, 35, -390.0
215, 3, 3.1206952496526013, 35, -294.5
216, 0, 2.8206952496526014, 30, -232.5
switching patient
217, 5, 0.8975941733004822, 30, -74.80000305175781
switching patient
218, 0, 1.7928115096688464, 43, -89.0
219, 0, 1.4928115096688463, 38, -9.899999618530273
220, 0, 1.1928115096688463, 33, 44.79999923706055
221, 0, 0.8928115096688463, 28, 47.70000076293945
222, 0, 0.5928115096688462, 23, -44.0
switching patient
223, 3, 2.1660368144830566, 48, -71.5
224, 0, 1.8660368144830566, 43, 0.5
225, 1, 1.8660368144830566, 38, -3.5
switching patient
226, 0, 0.8945631918936983, 35, -153.6999969482422
227, 3, 0.5945631918936982, 35, -200.0
switching patient
228, 3, 2.6999999999999997, 50, -332.0
229, 3, 2.4, 50, -290.5
230, 3, 2.1, 50, -269.0
231, 3, 1.8, 50, -90.0
232, 0, 1.5, 45, -20.200000762939453
233, 0, 1.2, 40, 46.5
switching patient
234, 0, 1.4437900377807191, 31, -289.29998779296875
235, 0, 1.143790037780719, 26, -296.1000061035156
switching patient
236, 0, 0.8999999999999999, 44, 76.4000015258789
switching patient
237, 3, 3.4620242161645507, 38, -529.5
238, 3, 3.162024216164551, 38, -527.0
239, 8, 3.4620242161645507, 43, -529.5
240, 3, 3.162024216164551, 43, -529.5
switching patient
241, 0, 1.2, 40, 22.5
242, 0, 0.8999999999999999, 35, 50.0
243, 5, 1.2, 35, 52.099998474121094
switching patient
244, 0, 0.3, 30, -227.60000610351562
245, 0, 0.3, 25, -203.0
switching patient
246, 3, 1.6416551762012679, 50, -294.5
247, 3, 1.3416551762012678, 50, -71.5
248, 0, 1.0416551762012678, 45, 43.29999923706055
switching patient
249, 0, 0.5928115096688462, 23, 11.600000381469727
switching patient
250, 3, 3.162024216164551, 48, -529.5
switching patient
251, 6, 1.998201617624222, 50, 6.800000190734863
252, 2, 2.298201617624222, 45, 16.200000762939453
253, 0, 1.998201617624222, 40, -1.100000023841858
254, 0, 1.698201617624222, 35, -57.70000076293945
switching patient
255, 7, 3.5680115499980802, 20, -402.0
switching patient
256, 2, 1.3336832838028871, 17, -36.5
switching patient
257, 0, 1.387033113173854, 23, 31.5
258, 0, 1.087033113173854, 18, -10.100000381469727
switching patient
259, 3, 1.412041269602713, 10, -87.5
260, 7, 1.412041269602713, 15, -15.5
261, 0, 1.1120412696027129, 10, -35.5
262, 0, 0.8120412696027128, 5, -39.5
switching patient
263, 3, 1.8960181141395125, 29, -5.5
switching patient
264, 0, 0.3, 25, -200.1999969482422
265, 5, 0.6, 25, -115.5
266, 0, 0.3, 20, -200.60000610351562
267, 0, 0.3, 15, -186.60000610351562
268, 3, 0.3, 15, -180.39999389648438
switching patient
269, 0, 1.4409888863798885, 34, -111.0999984741211
270, 0, 1.1409888863798885, 29, -162.0
271, 0, 0.8409888863798884, 24, -214.10000610351562
272, 0, 0.5409888863798884, 19, -284.70001220703125
273, 0, 0.2409888863798884, 14, -388.5
274, 4, 0.2409888863798884, 14, -380.5
275, 0, 0.3, 9, -292.20001220703125
276, 0, 0.3, 4, -194.60000610351562
277, 0, 0.3, 5, -212.1999969482422
278, 6, 0.3, 10, -297.20001220703125
279, 6, 0.3, 15, -353.79998779296875
280, 4, 0.3, 15, -363.20001220703125
281, 6, 0.3, 20, -379.3999938964844
switching patient
282, 5, 2.5020427560637946, 41, -211.0
switching patient
283, 0, 0.914898905401029, 18, -9.5
284, 0, 0.614898905401029, 13, 95.0999984741211
switching patient
285, 1, 0.399693398265022, 5, -7.599999904632568
286, 0, 0.09969339826502199, 5, -146.60000610351562
287, 0, 0.3, 5, -171.8000030517578
288, 0, 0.3, 5, -170.1999969482422
289, 0, 0.3, 5, -49.20000076293945
290, 0, 0.3, 5, 4.263256414560601e-14
291, 4, 0.3, 5, -136.6999969482422
292, 0, 0.3, 5, -53.20000076293945
293, 0, 0.3, 5, -10.399999618530273
switching patient
294, 0, 0.35035966743795327, 22, -337.5
295, 0, 0.05035966743795328, 17, -407.0
296, 0, 0.3, 12, -213.89999389648438
297, 5, 0.6, 12, -148.8000030517578
298, 0, 0.3, 7, -178.5
299, 0, 0.3, 2, -145.8000030517578
300, 5, 0.6, 2, -162.3000030517578
301, 0, 0.3, 5, -84.9000015258789
switching patient
302, 0, 2.0955248585166006, 42, -53.5
303, 0, 1.7955248585166006, 37, -28.799999237060547
304, 0, 1.4955248585166006, 32, 22.799999237060547
switching patient
305, 0, 3.397259812625488, 45, -418.0
306, 4, 3.397259812625488, 45, -428.0
switching patient
307, 0, 1.1701608049482748, 15, 63.900001525878906
308, 0, 0.8701608049482747, 10, -107.69999694824219
309, 0, 0.5701608049482747, 5, 3.299999952316284
switching patient
310, 0, 0.3, 5, -106.0999984741211
switching patient
311, 0, 0.614898905401029, 13, 79.5
switching patient
312, 3, 3.5680115499980802, 25, -397.5
313, 3, 3.2680115499980804, 25, -394.5
314, 3, 2.9680115499980806, 25, -370.0
315, 3, 2.6680115499980808, 25, -299.5
316, 3, 2.368011549998081, 25, -299.0
317, 3, 2.068011549998081, 25, -171.5
318, 0, 1.768011549998081, 20, -115.5
319, 1, 1.768011549998081, 15, -105.5
320, 0, 1.468011549998081, 10, -55.5
switching patient
321, 4, 2.1660368144830566, 43, -55.5
322, 0, 1.8660368144830566, 38, 4.5
323, 0, 1.5660368144830565, 33, 60.5
324, 7, 1.5660368144830565, 38, 34.5
switching patient
325, 0, 0.3, 30, -365.79998779296875
switching patient
326, 0, 1.143790037780719, 26, -295.1000061035156
327, 0, 0.843790037780719, 21, -375.29998779296875
switching patient
328, 0, 0.43820494063532195, 30, -194.39999389648438
switching patient
329, 0, 1.118250430303171, 15, 67.80000305175781
switching patient
330, 0, 2.2511842670666953, 41, -27.299999237060547
switching patient
331, 0, 1.5660368144830565, 38, -5.5
switching patient
332, 0, 1.4955248585166006, 32, 26.5
333, 0, 1.1955248585166005, 27, 53.0
334, 0, 0.8955248585166005, 22, 40.5
335, 0, 0.5955248585166004, 17, -115.5
switching patient
336, 0, 0.5955248585166004, 17, -97.30000305175781
337, 3, 0.29552485851660043, 17, -225.60000610351562
switching patient
338, 0, 1.568048456728114, 44, -96.0
339, 3, 1.268048456728114, 44, 12.5
switching patient
340, 3, 2.5020427560637946, 46, -244.0
341, 3, 2.2020427560637947, 46, -264.5
342, 0, 1.9020427560637947, 41, -109.5
343, 3, 1.6020427560637946, 41, -19.5
344, 0, 1.3020427560637946, 36, 23.5
345, 0, 1.0020427560637946, 31, 49.099998474121094
346, 0, 0.7020427560637945, 26, -6.300000190734863
347, 0, 0.4020427560637945, 21, -154.3000030517578
348, 0, 0.10204275606379454, 16, -249.5
switching patient
349, 0, 1.5660368144830565, 38, 40.5
350, 0, 1.2660368144830565, 33, 89.9000015258789
switching patient
351, 2, 2.851184267066695, 41, 73.4000015258789
352, 0, 2.551184267066695, 36, -55.20000076293945
353, 6, 2.2511842670666953, 41, 46.5
354, 0, 1.9511842670666952, 36, -88.19999694824219
355, 4, 1.9511842670666952, 36, -120.69999694824219
356, 0, 1.6511842670666952, 31, -86.0999984741211
switching patient
357, 0, 0.936634261377608, 15, -70.0
358, 0, 0.6366342613776079, 10, -129.8000030517578
359, 0, 0.33663426137760794, 5, -62.5
360, 1, 0.33663426137760794, 5, -49.20000076293945
361, 0, 0.036634261377607946, 5, -184.3000030517578
362, 0, 0.3, 5, -44.20000076293945
363, 0, 0.3, 5, -96.4000015258789
switching patient
364, 0, 0.10204275606379454, 16, -244.5
switching patient
365, 0, 1.1416787912826336, 35, 92.5
366, 3, 0.8416787912826336, 35, -101.19999694824219
367, 0, 0.5416787912826335, 30, -144.3000030517578
368, 7, 0.5416787912826335, 35, -137.6999969482422
369, 0, 0.24167879128263353, 30, -320.79998779296875
370, 0, 0.3, 25, -251.39999389648438
371, 7, 0.3, 30, -324.0
372, 0, 0.3, 25, -271.79998779296875
373, 0, 0.3, 20, -212.60000610351562
switching patient
374, 0, 1.6511842670666952, 31, -111.0
switching patient
375, 3, 3.162024216164551, 50, -528.0
switching patient
376, 0, 0.1678329060928957, 1, -266.6000061035156
377, 0, 0.3, 5, -149.1999969482422
378, 6, 0.3, 10, -222.3000030517578
379, 0, 0.3, 5, -129.3000030517578
switching patient
380, 3, 2.696218553290436, 50, -461.5
381, 3, 2.3962185532904363, 50, -397.0
382, 7, 2.3962185532904363, 50, -404.5
383, 3, 2.0962185532904365, 50, -368.0
switching patient
384, 0, 1.2, 35, -9.100000381469727
385, 0, 0.8999999999999999, 30, 60.400001525878906
386, 0, 0.5999999999999999, 25, -85.5999984741211
switching patient
387, 0, 1.6920691719500183, 45, -11.5
switching patient
388, 0, 0.7262391331853759, 15, -190.10000610351562
389, 0, 0.42623913318537593, 10, -276.3999938964844
390, 0, 0.12623913318537594, 5, -231.89999389648438
391, 0, 0.3, 5, -200.89999389648438
392, 3, 0.3, 5, -205.3000030517578
393, 0, 0.3, 5, -192.6999969482422
394, 4, 0.3, 5, -208.5
395, 0, 0.3, 5, -195.6999969482422
396, 0, 0.3, 5, -195.3000030517578
switching patient
397, 3, 1.3872790165905673, 10, -77.5
398, 0, 1.0872790165905672, 5, -153.0
switching patient
399, 0, 3.194145915996576, 45, -2.5999999046325684
400, 0, 2.8941459159965763, 40, 85.5
401, 0, 2.5941459159965765, 35, -22.600000381469727
402, 0, 2.2941459159965767, 30, 12.100000381469727
403, 0, 1.9941459159965766, 25, -51.79999923706055
switching patient
404, 0, 1.087033113173854, 18, 52.5
switching patient
405, 0, 0.3, 14, -336.20001220703125
switching patient
406, 0, 0.614898905401029, 13, 95.0999984741211
407, 0, 0.314898905401029, 8, -103.80000305175781
switching patient
408, 0, 0.5928115096688462, 23, -60.900001525878906
409, 0, 0.2928115096688462, 18, -169.5
410, 0, 0.3, 13, -120.4000015258789
411, 0, 0.3, 8, -1.7999999523162842
412, 0, 0.3, 3, -101.19999694824219
switching patient
413, 0, 0.8999999999999999, 44, -68.9000015258789
414, 0, 0.5999999999999999, 39, -67.0999984741211
415, 0, 0.2999999999999999, 34, -196.89999389648438
switching patient
416, 0, 1.2660368144830565, 33, -21.0
417, 1, 1.2660368144830565, 28, 144.5
418, 0, 0.9660368144830564, 23, -102.5
419, 0, 0.6660368144830564, 18, -138.0
switching patient
420, 8, 1.687033113173854, 28, 14.5
switching patient
421, 0, 0.3, 20, -227.60000610351562
422, 0, 0.3, 15, -189.1999969482422
switching patient
423, 6, 0.314898905401029, 18, -178.6999969482422
424, 5, 0.614898905401029, 18, -33.29999923706055
switching patient
425, 0, 0.3, 15, -184.8000030517578
switching patient
426, 0, 0.10204275606379454, 16, -247.5
switching patient
427, 0, 0.3, 3, -152.3000030517578
428, 0, 0.3, 5, -90.0
429, 1, 0.3, 5, -119.9000015258789
switching patient
430, 3, 3.397259812625488, 50, -370.5
switching patient
431, 0, 1.6511842670666952, 31, -121.5
432, 0, 1.3511842670666951, 26, -95.9000015258789
433, 0, 1.051184267066695, 21, -153.5
434, 0, 0.751184267066695, 16, -254.39999389648438
switching patient
435, 0, 0.3, 14, -303.20001220703125
switching patient
436, 6, 2.0599386331773792, 50, 12.100000381469727
437, 0, 1.7599386331773792, 45, -10.0
438, 0, 1.4599386331773792, 40, -77.4000015258789
439, 0, 1.159938633177379, 35, -69.4000015258789
440, 2, 1.4599386331773792, 30, 43.0
switching patient
441, 0, 0.5999999999999999, 25, -59.599998474121094
442, 0, 0.2999999999999999, 20, -182.3000030517578
443, 0, 0.3, 15, -164.5
switching patient
444, 3, 1.468011549998081, 15, -27.5
445, 0, 1.168011549998081, 10, -37.5
446, 1, 1.168011549998081, 5, -62.5
447, 0, 0.868011549998081, 5, 17.0
448, 0, 0.5680115499980809, 5, 82.30000305175781
449, 0, 0.2680115499980809, 5, -92.9000015258789
450, 0, 0.3, 5, -32.0
switching patient
451, 3, 1.8960181141395125, 34, -5.5
452, 0, 1.5960181141395124, 29, 40.5
453, 7, 1.5960181141395124, 34, 40.5
454, 0, 1.2960181141395124, 29, 92.5
455, 1, 1.2960181141395124, 24, 70.5
switching patient
456, 0, 0.43820494063532195, 30, -189.0
457, 0, 0.13820494063532196, 25, -354.8999938964844
switching patient
458, 0, 0.8999999999999999, 18, -71.30000305175781
switching patient
459, 0, 0.5701608049482747, 5, 10.600000381469727
switching patient
460, 6, 1.3336832838028871, 27, -20.700000762939453
461, 0, 1.033683283802887, 22, 14.300000190734863
462, 0, 0.733683283802887, 17, -33.099998474121094
463, 0, 0.43368328380288707, 12, 89.9000015258789
switching patient
464, 0, 0.3, 30, -376.79998779296875
465, 0, 0.3, 25, -364.79998779296875
466, 0, 0.3, 20, -384.79998779296875
switching patient
467, 0, 1.4599386331773792, 30, -132.0
468, 3, 1.159938633177379, 30, -85.5999984741211
469, 0, 0.8599386331773791, 25, -107.19999694824219
470, 3, 0.559938633177379, 25, -268.1000061035156
471, 0, 0.25993863317737903, 20, -381.8999938964844
472, 0, 0.3, 15, -308.29998779296875
473, 5, 0.6, 15, -185.5
474, 0, 0.3, 10, -241.10000610351562
475, 0, 0.3, 5, -178.10000610351562
476, 0, 0.3, 5, -147.1999969482422
477, 0, 0.3, 5, -122.4000015258789
switching patient
478, 0, 0.3, 5, 17.899999618530273
479, 0, 0.3, 5, -56.0
switching patient
480, 0, 0.8999999999999999, 18, -77.69999694824219
481, 0, 0.5999999999999999, 13, -158.1999969482422
482, 0, 0.2999999999999999, 8, -180.0
switching patient
483, 0, 0.751184267066695, 16, -238.39999389648438
484, 0, 0.45118426706669507, 11, -349.29998779296875
switching patient
485, 0, 0.3, 15, -160.3000030517578
switching patient
486, 0, 1.2, 5, -129.0
switching patient
487, 1, 2.3962185532904363, 45, -401.5
488, 3, 2.0962185532904365, 45, -362.5
switching patient
489, 0, 0.5701608049482747, 5, -101.19999694824219
switching patient
490, 0, 1.201368177058328, 32, -140.5
491, 2, 1.501368177058328, 27, -122.0
switching patient
492, 7, 0.6, 15, -167.6999969482422
493, 0, 0.3, 10, -228.89999389648438
494, 0, 0.3, 5, -114.0999984741211
495, 0, 0.3, 5, -171.3000030517578
496, 0, 0.3, 5, -110.19999694824219
497, 0, 0.3, 5, -145.10000610351562
498, 0, 0.3, 5, -134.8000030517578
switching patient
499, 0, 0.3, 15, -157.3000030517578
500, 0, 0.3, 10, -151.89999389648438
501, 7, 0.3, 15, -160.6999969482422
502, 0, 0.3, 10, -118.0999984741211
503, 0, 0.3, 5, 28.799999237060547
504, 0, 0.3, 5, -19.100000381469727
505, 6, 0.3, 10, -56.599998474121094
506, 0, 0.3, 5, 18.600000381469727
switching patient
507, 0, 0.13820494063532196, 25, -350.8999938964844
508, 0, 0.3, 20, -218.89999389648438
509, 0, 0.3, 15, -202.5
switching patient
510, 0, 1.2, 5, -189.0
511, 0, 0.8999999999999999, 5, -136.0
switching patient
512, 0, 0.3, 15, -191.8000030517578
switching patient
513, 0, 0.2999999999999999, 8, -201.39999389648438
514, 0, 0.3, 3, -34.20000076293945
515, 0, 0.3, 5, -169.3000030517578
516, 0, 0.3, 5, -86.9000015258789
517, 0, 0.3, 5, -125.4000015258789
518, 0, 0.3, 5, -36.29999923706055
519, 0, 0.3, 5, -99.30000305175781
520, 0, 0.3, 5, -135.1999969482422
521, 0, 0.3, 5, -43.900001525878906
522, 0, 0.3, 5, -175.1999969482422
switching patient
523, 4, 1.642144130505769, 23, -87.5
524, 3, 1.3421441305057689, 23, 14.5
525, 0, 1.0421441305057688, 18, 70.5
526, 0, 0.7421441305057688, 13, 106.5
switching patient
527, 0, 0.3, 5, -174.10000610351562
528, 0, 0.3, 5, -114.80000305175781
529, 0, 0.3, 5, -160.60000610351562
530, 0, 0.3, 5, -149.10000610351562
531, 0, 0.3, 5, -99.0
532, 0, 0.3, 5, -133.8000030517578
switching patient
533, 0, 1.118250430303171, 15, -8.899999618530273
534, 0, 0.818250430303171, 10, -106.4000015258789
535, 1, 0.818250430303171, 5, 93.19999694824219
536, 0, 0.518250430303171, 5, -36.20000076293945
537, 0, 0.21825043030317098, 5, -161.10000610351562
538, 4, 0.21825043030317098, 5, -91.5999984741211
539, 4, 0.21825043030317098, 5, -47.29999923706055
540, 0, 0.3, 5, -65.69999694824219
switching patient
541, 0, 1.506736270810849, 26, -86.69999694824219
542, 0, 1.2067362708108489, 21, -140.0
543, 0, 0.9067362708108488, 16, -202.8000030517578
544, 0, 0.6067362708108488, 11, -196.39999389648438
switching patient
545, 0, 1.0416551762012678, 45, 18.5
546, 0, 0.7416551762012678, 40, -30.700000762939453
547, 0, 0.44165517620126776, 35, -97.30000305175781
548, 0, 0.14165517620126777, 30, -258.70001220703125
549, 0, 0.3, 25, -148.6999969482422
550, 0, 0.3, 20, -145.10000610351562
551, 0, 0.3, 15, -141.5
552, 0, 0.3, 10, 69.0999984741211
553, 5, 0.6, 10, -15.5
554, 0, 0.3, 5, -99.0999984741211
switching patient
555, 8, 0.8999999999999999, 15, 12.5
switching patient
556, 0, 0.2412544343193211, 5, -58.20000076293945
557, 0, 0.3, 5, -68.80000305175781
switching patient
558, 3, 0.3, 18, -240.89999389648438
559, 0, 0.3, 13, -204.5
560, 0, 0.3, 8, -166.89999389648438
561, 0, 0.3, 3, -91.30000305175781
switching patient
562, 0, 0.8975941733004822, 30, -80.4000015258789
563, 0, 0.5975941733004821, 25, -155.89999389648438
564, 0, 0.29759417330048216, 20, -288.79998779296875
565, 0, 0.3, 15, -232.39999389648438
566, 0, 0.3, 10, -194.60000610351562
switching patient
567, 0, 0.6067362708108488, 11, -201.39999389648438
568, 0, 0.3067362708108488, 6, -203.89999389648438
569, 0, 0.006736270810848821, 1, -287.6000061035156
switching patient
570, 0, 1.0872790165905672, 5, -127.5
571, 0, 0.7872790165905672, 5, 19.5
572, 0, 0.4872790165905672, 5, 24.600000381469727
switching patient
573, 0, 0.5945631918936982, 35, -246.0
574, 0, 0.29456319189369823, 30, -319.79998779296875
575, 0, 0.3, 25, -363.6000061035156
576, 0, 0.3, 20, -304.3999938964844
577, 0, 0.3, 15, -294.6000061035156
578, 3, 0.3, 15, -277.3999938964844
579, 0, 0.3, 10, -223.8000030517578
580, 0, 0.3, 5, -183.39999389648438
581, 0, 0.3, 5, -180.39999389648438
switching patient
582, 5, 1.0872790165905672, 10, -1.5
583, 0, 0.7872790165905672, 5, 1.0
584, 0, 0.4872790165905672, 5, 34.900001525878906
switching patient
585, 0, 0.3, 5, -80.5999984741211
switching patient
586, 0, 0.3, 5, -28.799999237060547
switching patient
587, 0, 0.3, 15, -192.60000610351562
588, 2, 0.6, 10, 40.5
switching patient
589, 0, 0.614898905401029, 18, -90.80000305175781
590, 2, 0.914898905401029, 13, -29.5
switching patient
591, 3, 2.8206952496526014, 35, -303.0
switching patient
592, 0, 0.3, 20, -388.0
switching patient
593, 0, 1.458549665586354, 35, 92.5
switching patient
594, 0, 0.3, 5, -194.89999389648438
595, 0, 0.3, 5, -207.3000030517578
596, 0, 0.3, 5, -207.10000610351562
597, 0, 0.3, 5, -204.6999969482422
switching patient
598, 0, 0.3, 5, -100.9000015258789
599, 0, 0.3, 5, -69.0
switching patient
600, 0, 0.7421441305057688, 13, 28.100000381469727
601, 0, 0.4421441305057688, 8, 62.0
602, 4, 0.4421441305057688, 8, 23.600000381469727
603, 0, 0.1421441305057688, 3, -137.3000030517578
switching patient
604, 3, 3.162024216164551, 50, -522.5
switching patient
605, 0, 0.3, 15, -176.8000030517578
606, 0, 0.3, 10, -163.60000610351562
607, 2, 0.6, 5, 14.300000190734863
608, 0, 0.3, 5, -5.599999904632568
switching patient
609, 0, 0.3, 5, -76.0999984741211
610, 0, 0.3, 5, 5.400000095367432
611, 0, 0.3, 5, -42.70000076293945
612, 0, 0.3, 5, -57.29999923706055
switching patient
613, 3, 3.397259812625488, 50, -407.5
614, 3, 3.097259812625488, 50, -386.0
615, 3, 2.797259812625488, 50, -283.0
switching patient
616, 0, 0.1421441305057688, 3, -166.3000030517578
617, 0, 0.3, 5, -69.9000015258789
618, 0, 0.3, 5, 2.799999952316284
619, 0, 0.3, 5, -2.799999952316284
620, 0, 0.3, 5, -60.79999923706055
621, 0, 0.3, 5, -3.700000047683716
622, 0, 0.3, 5, 10.300000190734863
623, 8, 0.6, 10, 105.4000015258789
624, 0, 0.3, 5, -70.19999694824219
625, 0, 0.3, 5, -44.099998474121094
626, 2, 0.6, 5, -8.399999618530273
627, 0, 0.3, 5, -9.0
628, 0, 0.3, 5, 19.899999618530273
629, 0, 0.3, 5, -10.699999809265137
switching patient
630, 0, 0.45118426706669507, 11, -289.29998779296875
631, 0, 0.15118426706669508, 6, -259.70001220703125
switching patient
632, 0, 0.3, 14, -277.6000061035156
633, 0, 0.3, 9, -235.8000030517578
switching patient
634, 0, 0.10204275606379454, 16, -259.1000061035156
635, 0, 0.3, 11, -163.1999969482422
636, 0, 0.3, 6, -40.400001525878906
switching patient
637, 0, 1.698201617624222, 35, -94.4000015258789
638, 0, 1.398201617624222, 30, -110.5999984741211
639, 0, 1.098201617624222, 25, -186.39999389648438
switching patient
640, 0, 0.3, 5, -201.10000610351562
641, 2, 0.6, 5, -172.89999389648438
642, 0, 0.3, 5, -202.10000610351562
643, 0, 0.3, 5, -200.89999389648438
switching patient
644, 0, 0.3, 5, -201.6999969482422
645, 0, 0.3, 5, -201.6999969482422
646, 0, 0.3, 5, -205.89999389648438
647, 0, 0.3, 5, -205.89999389648438
648, 0, 0.3, 5, -197.89999389648438
649, 0, 0.3, 5, -202.10000610351562
650, 0, 0.3, 5, -200.10000610351562
651, 0, 0.3, 5, -212.5
652, 0, 0.3, 5, -209.6999969482422
653, 0, 0.3, 5, -201.5
654, 0, 0.3, 5, -210.89999389648438
655, 0, 0.3, 5, -191.3000030517578
656, 0, 0.3, 5, -215.5
657, 0, 0.3, 5, -209.5
658, 0, 0.3, 5, -209.5
659, 0, 0.3, 5, -209.5
660, 0, 0.3, 5, -199.89999389648438
661, 0, 0.3, 5, -195.10000610351562
switching patient
662, 0, 0.3, 20, -341.20001220703125
663, 0, 0.3, 15, -366.20001220703125
664, 0, 0.3, 10, -296.20001220703125
665, 0, 0.3, 5, -203.1999969482422
666, 0, 0.3, 5, -206.0
switching patient
667, 3, 2.797259812625488, 50, -260.5
668, 3, 2.4972598126254884, 50, -324.0
669, 3, 2.1972598126254885, 50, -192.0
670, 8, 2.4972598126254884, 50, -288.5
671, 0, 2.1972598126254885, 45, -132.0
switching patient
672, 0, 0.15118426706669508, 6, -288.5
673, 0, 0.3, 1, -181.39999389648438
switching patient
674, 0, 1.9941459159965766, 25, -120.69999694824219
switching patient
675, 0, 0.3, 6, -50.400001525878906
676, 0, 0.3, 1, -357.8999938964844
677, 0, 0.3, 5, -78.80000305175781
678, 0, 0.3, 5, -4.0
679, 0, 0.3, 5, -35.70000076293945
680, 0, 0.3, 5, -46.400001525878906
switching patient
681, 0, 0.3, 5, -105.30000305175781
682, 0, 0.3, 5, -33.70000076293945
switching patient
683, 0, 0.4872790165905672, 5, 29.0
switching patient
684, 2, 1.3107451677093092, 21, 18.5
685, 0, 1.0107451677093091, 16, -59.5
switching patient
686, 0, 0.6660368144830564, 18, -128.5
687, 0, 0.3660368144830564, 13, -185.8000030517578
switching patient
688, 0, 0.8999999999999999, 5, -24.5
689, 0, 0.5999999999999999, 5, 3.0
690, 0, 0.2999999999999999, 5, 7.099999904632568
switching patient
691, 0, 0.3, 5, -15.300000190734863
692, 3, 0.3, 5, 35.29999923706055
switching patient
693, 5, 0.8999999999999999, 10, -73.9000015258789
switching patient
694, 0, 0.3, 5, -37.29999923706055
695, 0, 0.3, 5, -92.5
switching patient
696, 0, 0.3, 5, -16.899999618530273
697, 0, 0.3, 5, -64.80000305175781
switching patient
698, 3, 2.360932182141436, 49, -247.5
699, 0, 2.0609321821414364, 44, -311.5
700, 0, 1.7609321821414363, 39, -120.5
701, 0, 1.4609321821414363, 34, -63.5
702, 0, 1.1609321821414362, 29, -3.0
703, 0, 0.8609321821414362, 24, -26.0
704, 0, 0.5609321821414361, 19, 57.400001525878906
switching patient
705, 0, 0.3, 5, -67.80000305175781
706, 0, 0.3, 5, -12.800000190734863
switching patient
707, 0, 1.9941459159965766, 25, -9.0
switching patient
708, 0, 0.3, 9, -222.1999969482422
709, 0, 0.3, 4, -140.39999389648438
switching patient
710, 0, 0.2999999999999999, 5, 53.099998474121094
711, 0, 0.3, 5, -47.099998474121094
switching patient
712, 0, 0.3, 5, -10.800000190734863
713, 0, 0.3, 5, -109.19999694824219
switching patient
714, 3, 2.8206952496526014, 40, -259.0
715, 3, 2.5206952496526016, 40, -278.0
switching patient
716, 0, 0.3, 5, -13.199999809265137
switching patient
717, 0, 0.3, 5, -209.3000030517578
718, 0, 0.3, 5, -192.10000610351562
switching patient
719, 0, 1.268048456728114, 44, -6.5
switching patient
720, 0, 0.3, 5, -31.899999618530273
switching patient
721, 0, 0.3, 5, 8.600000381469727
722, 0, 0.3, 5, -9.100000381469727
723, 0, 0.3, 5, 18.100000381469727
switching patient
724, 3, 0.3, 10, -202.1999969482422
725, 0, 0.3, 5, -138.39999389648438
726, 0, 0.3, 5, -146.60000610351562
727, 0, 0.3, 5, -7.699999809265137
728, 0, 0.3, 5, -103.80000305175781
729, 0, 0.3, 5, -76.30000305175781
730, 0, 0.3, 5, -108.0
731, 0, 0.3, 5, -114.30000305175781
732, 0, 0.3, 5, -77.5999984741211
733, 0, 0.3, 5, -121.30000305175781
switching patient
734, 0, 0.3, 20, -368.79998779296875
735, 6, 0.3, 25, -380.79998779296875
736, 0, 0.3, 20, -360.79998779296875
737, 0, 0.3, 15, -375.3999938964844
switching patient
738, 0, 1.2960181141395124, 24, 96.5
739, 0, 0.9960181141395124, 19, 2.799999952316284
740, 0, 0.6960181141395123, 14, -107.69999694824219
741, 0, 0.3960181141395123, 9, -162.5
switching patient
742, 0, 0.3, 15, -372.79998779296875
743, 0, 0.3, 10, -324.6000061035156
744, 0, 0.3, 5, -207.39999389648438
745, 0, 0.3, 5, -208.1999969482422
746, 0, 0.3, 5, -195.0
switching patient
747, 0, 0.5701608049482747, 5, 41.79999923706055
748, 0, 0.2701608049482747, 5, -174.60000610351562
749, 0, 0.3, 5, -181.5
switching patient
750, 0, 0.3, 1, -254.6999969482422
751, 0, 0.3, 5, -214.39999389648438
752, 8, 0.6, 10, -247.3000030517578
753, 0, 0.3, 5, -199.1999969482422
754, 0, 0.3, 5, -224.8000030517578
755, 0, 0.3, 5, -219.0
switching patient
756, 0, 0.3, 5, 5.099999904632568
757, 2, 0.6, 5, 3.700000047683716
758, 0, 0.3, 5, 4.300000190734863
759, 0, 0.3, 5, 10.800000190734863
760, 0, 0.3, 5, -81.5
switching patient
761, 0, 0.3, 5, -201.10000610351562
762, 0, 0.3, 5, -193.89999389648438
763, 0, 0.3, 5, -201.10000610351562
764, 0, 0.3, 5, -207.10000610351562
765, 0, 0.3, 5, -207.89999389648438
766, 0, 0.3, 5, -198.5
767, 0, 0.3, 5, -206.5
768, 0, 0.3, 5, -217.5
769, 0, 0.3, 5, -201.10000610351562
770, 0, 0.3, 5, -200.3000030517578
771, 0, 0.3, 5, -193.3000030517578
772, 0, 0.3, 5, -204.10000610351562
switching patient
773, 0, 0.843790037780719, 21, -326.1000061035156
switching patient
774, 0, 0.3, 5, -58.099998474121094
775, 0, 0.3, 5, -56.29999923706055
776, 0, 0.3, 5, -18.799999237060547
777, 0, 0.3, 5, -18.299999237060547
778, 0, 0.3, 5, 23.200000762939453
779, 0, 0.3, 5, -39.20000076293945
780, 0, 0.3, 5, 0.6000000238418579
781, 0, 0.3, 5, -72.9000015258789
782, 0, 0.3, 5, 49.099998474121094
783, 0, 0.3, 5, 14.699999809265137
switching patient
784, 0, 0.3, 3, -94.5999984741211
785, 0, 0.3, 5, -29.299999237060547
786, 0, 0.3, 5, -13.199999809265137
switching patient
787, 0, 0.3, 5, 3.799999952316284
switching patient
788, 0, 0.3, 5, -71.80000305175781
789, 0, 0.3, 5, -15.800000190734863
790, 0, 0.3, 5, -28.5
switching patient
791, 0, 0.5999999999999999, 10, 31.399999618530273
792, 0, 0.2999999999999999, 5, 58.79999923706055
793, 0, 0.3, 5, -5.699999809265137
794, 0, 0.3, 5, 27.5
795, 0, 0.3, 5, -41.70000076293945
switching patient
796, 0, 0.3, 5, -138.5
797, 0, 0.3, 5, -85.5999984741211
798, 0, 0.3, 5, 22.299999237060547
799, 0, 0.3, 5, -120.0999984741211
800, 0, 0.3, 5, -128.8000030517578
801, 0, 0.3, 5, -102.0
switching patient
802, 0, 0.3960181141395123, 9, -161.10000610351562
switching patient
803, 0, 1.6920691719500183, 45, -3.5
switching patient
804, 0, 0.3, 5, -51.29999923706055
805, 0, 0.3, 5, -7.199999809265137
switching patient
806, 0, 0.3, 5, -122.5999984741211
807, 0, 0.3, 5, -147.8000030517578
808, 0, 0.3, 5, -149.1999969482422
809, 0, 0.3, 5, -146.1999969482422
810, 0, 0.3, 5, -174.5
811, 0, 0.3, 5, -172.6999969482422
switching patient
812, 0, 0.3, 5, -225.0
813, 0, 0.3, 5, -214.1999969482422
814, 2, 0.6, 5, -181.10000610351562
switching patient
815, 0, 0.5999999999999999, 5, -176.6999969482422
816, 0, 0.2999999999999999, 5, -206.0
817, 0, 0.3, 5, -209.39999389648438
818, 0, 0.3, 5, -220.1999969482422
switching patient
819, 0, 0.8120412696027128, 5, 70.5
switching patient
820, 0, 1.9941459159965766, 25, -70.0
821, 0, 1.6941459159965766, 20, -69.5999984741211
822, 0, 1.3941459159965766, 15, -122.9000015258789
823, 0, 1.0941459159965765, 10, -151.10000610351562
824, 0, 0.7941459159965765, 5, -160.10000610351562
825, 0, 0.4941459159965765, 5, -192.1999969482422
826, 0, 0.1941459159965765, 5, -216.1999969482422
827, 0, 0.3, 5, -226.0
828, 0, 0.3, 5, -215.0
switching patient
829, 0, 0.3, 5, -201.60000610351562
830, 4, 0.3, 5, -207.39999389648438
831, 0, 0.3, 5, -209.0
832, 0, 0.3, 5, -208.60000610351562
833, 0, 0.3, 5, -207.8000030517578
switching patient
834, 0, 0.3, 5, -47.5
835, 0, 0.3, 5, -61.70000076293945
836, 0, 0.3, 5, -70.0999984741211
837, 0, 0.3, 5, -74.19999694824219
838, 0, 0.3, 5, -107.5999984741211
839, 0, 0.3, 5, -130.1999969482422
840, 0, 0.3, 5, -121.5
841, 0, 0.3, 5, -72.30000305175781
switching patient
842, 0, 2.1972598126254885, 45, -132.0
843, 0, 1.8972598126254885, 40, -77.5
switching patient
844, 0, 0.3, 10, -189.8000030517578
845, 0, 0.3, 5, -44.29999923706055
846, 0, 0.3, 5, -126.4000015258789
847, 0, 0.3, 5, -19.799999237060547
848, 0, 0.3, 5, -15.699999809265137
849, 0, 0.3, 5, -153.0
850, 0, 0.3, 5, -50.099998474121094
851, 0, 0.3, 5, -51.0
852, 0, 0.3, 5, -86.5
853, 0, 0.3, 5, -22.100000381469727
854, 0, 0.3, 5, -70.19999694824219
855, 0, 0.3, 5, -19.600000381469727
856, 0, 0.3, 5, -96.5999984741211
857, 0, 0.3, 5, -30.600000381469727
858, 0, 0.3, 5, -129.8000030517578
switching patient
859, 0, 0.3, 5, -172.10000610351562
switching patient
860, 3, 1.687033113173854, 33, 10.5
861, 0, 1.387033113173854, 28, 74.5
862, 0, 1.087033113173854, 23, 63.0
863, 0, 0.7870331131738539, 18, 48.29999923706055
864, 0, 0.48703311317385395, 13, -122.0
865, 0, 0.18703311317385396, 8, -130.89999389648438
866, 0, 0.3, 3, 6.800000190734863
switching patient
867, 0, 0.8999999999999999, 15, 6.5
switching patient
868, 0, 0.8120412696027128, 5, 25.0
869, 0, 0.5120412696027128, 5, 82.5
870, 0, 0.2120412696027128, 5, -98.9000015258789
871, 0, 0.3, 5, -22.0
872, 0, 0.3, 5, -27.700000762939453
switching patient
873, 0, 1.098201617624222, 25, -170.8000030517578
874, 0, 0.7982016176242219, 20, -252.89999389648438
875, 0, 0.49820161762422194, 15, -302.6000061035156
switching patient
876, 0, 0.49820161762422194, 15, -290.0
switching patient
877, 0, 0.3, 5, 16.899999618530273
878, 0, 0.3, 5, -78.0
879, 0, 0.3, 5, -22.100000381469727
880, 0, 0.3, 5, -54.5
switching patient
881, 0, 0.3, 5, -215.8000030517578
882, 0, 0.3, 5, -207.1999969482422
883, 0, 0.3, 5, -208.1999969482422
884, 5, 0.6, 5, -171.89999389648438
885, 0, 0.3, 5, -202.39999389648438
886, 0, 0.3, 5, -205.60000610351562
887, 0, 0.3, 5, -203.0
888, 0, 0.3, 5, -210.1999969482422
switching patient
889, 0, 1.458549665586354, 35, 36.29999923706055
switching patient
890, 0, 0.3, 5, -42.79999923706055
891, 0, 0.3, 5, -158.60000610351562
892, 0, 0.3, 5, -110.5
switching patient
893, 0, 0.3, 5, -202.5
switching patient
894, 0, 0.3, 5, -21.600000381469727
895, 0, 0.3, 5, -78.5
896, 0, 0.3, 5, -7.699999809265137
897, 0, 0.3, 5, -24.399999618530273
898, 0, 0.3, 5, 7.099999904632568
899, 0, 0.3, 5, 12.199999809265137
switching patient
900, 0, 0.3, 5, -97.80000305175781
901, 0, 0.3, 5, -52.599998474121094
902, 0, 0.3, 5, -13.699999809265137
903, 0, 0.3, 5, 16.100000381469727
904, 0, 0.3, 5, 20.399999618530273
switching patient
905, 0, 0.5609321821414361, 19, 31.399999618530273
906, 0, 0.26093218214143615, 14, -156.60000610351562
907, 0, 0.3, 9, 8.0
908, 0, 0.3, 4, -153.6999969482422
909, 0, 0.3, 5, -35.5
910, 1, 0.3, 5, -32.400001525878906
switching patient
911, 0, 1.458549665586354, 35, 34.400001525878906
912, 0, 1.1585496655863539, 30, -16.700000762939453
913, 0, 0.8585496655863538, 25, -97.30000305175781
914, 0, 0.5585496655863538, 20, -185.10000610351562
915, 0, 0.2585496655863538, 15, -239.0
switching patient
916, 0, 1.6920691719500183, 45, 4.5
917, 0, 1.3920691719500182, 40, 60.5
918, 0, 1.0920691719500182, 35, 38.79999923706055
switching patient
919, 0, 0.3, 5, 23.100000381469727
920, 0, 0.3, 5, 14.199999809265137
switching patient
921, 0, 0.3, 5, -220.0
922, 0, 0.3, 5, -218.39999389648438
923, 0, 0.3, 5, -220.0
924, 0, 0.3, 5, -206.8000030517578
925, 0, 0.3, 5, -217.39999389648438
926, 0, 0.3, 5, -230.0
927, 0, 0.3, 5, -215.0
switching patient
928, 0, 0.29552485851660043, 17, -221.8000030517578
929, 0, 0.3, 12, -187.60000610351562
switching patient
930, 0, 0.3, 5, -157.6999969482422
switching patient
931, 0, 1.501368177058328, 27, -93.4000015258789
932, 0, 1.201368177058328, 22, -119.0
933, 0, 0.901368177058328, 17, -180.0
switching patient
934, 0, 0.3, 5, 24.399999618530273
935, 0, 0.3, 5, -35.900001525878906
936, 0, 0.3, 5, -69.19999694824219
937, 0, 0.3, 5, 0.6000000238418579
938, 0, 0.3, 5, 23.200000762939453
939, 0, 0.3, 5, 3.0999999046325684
switching patient
940, 0, 0.3, 5, -113.0
941, 0, 0.3, 5, -55.5
942, 0, 0.3, 5, -54.29999923706055
switching patient
943, 0, 0.3, 5, -24.100000381469727
944, 0, 0.3, 5, -57.099998474121094
945, 0, 0.3, 5, 2.9000000953674316
946, 0, 0.3, 5, 23.799999237060547
switching patient
947, 0, 0.3, 5, -79.9000015258789
switching patient
948, 0, 2.5206952496526016, 40, -286.0
949, 3, 2.220695249652602, 40, -117.5
950, 0, 1.9206952496526017, 35, -23.5
951, 0, 1.6206952496526017, 30, 34.5
952, 0, 1.3206952496526017, 25, 16.5
953, 0, 1.0206952496526016, 20, 138.0
switching patient
954, 0, 0.8999999999999999, 15, -1.5
switching patient
955, 0, 0.3, 5, 8.5
956, 0, 0.3, 5, 50.900001525878906
957, 0, 0.3, 5, -23.200000762939453
958, 0, 0.3, 5, -23.0
959, 0, 0.3, 5, -7.599999904632568
switching patient
960, 0, 0.3, 5, -9.399999618530273
961, 0, 0.3, 5, 3.200000047683716
962, 0, 0.3, 5, -57.099998474121094
switching patient
963, 0, 0.3, 5, 32.29999923706055
switching patient
964, 0, 0.3, 12, -187.60000610351562
965, 0, 0.3, 7, -88.4000015258789
switching patient
966, 0, 0.3, 5, -130.10000610351562
967, 8, 0.6, 10, -146.6999969482422
968, 0, 0.3, 5, -49.70000076293945
969, 0, 0.3, 5, -128.3000030517578
970, 0, 0.3, 5, -65.0
switching patient
971, 0, 0.49820161762422194, 15, -364.79998779296875
972, 0, 0.19820161762422195, 10, -371.20001220703125
973, 0, 0.3, 5, -206.5
974, 1, 0.3, 5, -209.3000030517578
975, 0, 0.3, 5, -212.5
switching patient
976, 0, 0.3, 5, -131.0
977, 0, 0.3, 5, -123.80000305175781
978, 0, 0.3, 5, -175.10000610351562
switching patient
979, 0, 0.843790037780719, 21, -381.29998779296875
980, 0, 0.543790037780719, 16, -390.8999938964844
981, 0, 0.243790037780719, 11, -388.6000061035156
switching patient
982, 0, 0.3, 7, -89.80000305175781
983, 0, 0.3, 2, -190.3000030517578
984, 0, 0.3, 5, 11.600000381469727
985, 0, 0.3, 5, 17.200000762939453
986, 0, 0.3, 5, -43.400001525878906
987, 0, 0.3, 5, -19.0
988, 0, 0.3, 5, -30.299999237060547
989, 0, 0.3, 5, -41.20000076293945
990, 0, 0.3, 5, 21.0
991, 0, 0.3, 5, -65.5999984741211
992, 0, 0.3, 5, -21.100000381469727
switching patient
993, 0, 0.3, 5, -2.0
994, 0, 0.3, 5, 13.100000381469727
995, 0, 0.3, 5, -23.600000381469727
996, 0, 0.3, 5, -71.80000305175781
997, 0, 0.3, 5, -46.599998474121094
998, 7, 0.3, 10, 35.29999923706055
switching patient
999, 0, 0.2999999999999999, 34, -214.6999969482422
