New Experiment - Num episodes: 150
iteration, action, basal, carb, reward
0, 7, 0.6, 43, 83.4000015258789
1, 3, 0.3, 43, -242.0
2, 0, 0.3, 38, -226.0
switching patient
3, 8, 1.6255820665466094, 24, -62.20000076293945
4, 1, 1.6255820665466094, 19, -73.9000015258789
switching patient
5, 5, 1.7813640255298946, 23, 10.5
6, 2, 2.0813640255298944, 18, -27.5
7, 3, 1.7813640255298944, 18, 14.5
switching patient
8, 7, 1.1906956711806251, 30, 50.599998474121094
9, 6, 0.8906956711806251, 35, -73.9000015258789
10, 6, 0.590695671180625, 40, -167.0
11, 8, 0.8906956711806251, 45, -120.69999694824219
switching patient
12, 2, 1.0511388318710044, 29, 6.5
switching patient
13, 5, 1.1695610059592403, 33, 68.5
14, 5, 1.4695610059592403, 33, -23.5
15, 2, 1.7695610059592404, 28, -127.5
switching patient
16, 5, 1.0671937644146172, 7, -131.10000610351562
switching patient
17, 1, 1.1306466822774823, 24, -156.39999389648438
18, 7, 1.1306466822774823, 29, -187.0
19, 6, 0.8306466822774823, 34, -201.6999969482422
20, 0, 0.5306466822774822, 29, -276.70001220703125
switching patient
21, 2, 0.9355546231804963, 29, -84.5999984741211
22, 8, 1.2355546231804964, 34, 35.29999923706055
23, 3, 0.9355546231804963, 34, -64.4000015258789
switching patient
24, 3, 0.9560830769352904, 40, -102.19999694824219
switching patient
25, 8, 1.8114896205750592, 39, 82.5
26, 4, 1.8114896205750592, 39, 121.0999984741211
27, 4, 1.8114896205750592, 39, 106.80000305175781
switching patient
28, 1, 1.008411050630587, 15, 144.5
29, 4, 1.008411050630587, 15, 144.5
30, 5, 1.308411050630587, 15, -25.5
switching patient
31, 2, 2.0609903295210956, 20, 12.600000381469727
32, 5, 2.3609903295210954, 20, 62.5
33, 4, 2.3609903295210954, 20, 39.400001525878906
34, 3, 2.0609903295210956, 20, 90.5
35, 7, 2.0609903295210956, 25, 63.599998474121094
switching patient
36, 4, 0.6, 43, -27.299999237060547
37, 3, 0.3, 43, -180.60000610351562
38, 6, 0.3, 48, -310.3999938964844
switching patient
39, 8, 1.9084110506305871, 25, -195.5
40, 7, 1.9084110506305871, 30, -135.5
41, 2, 2.208411050630587, 25, -309.5
42, 4, 2.208411050630587, 25, -331.5
43, 4, 2.208411050630587, 25, -281.5
switching patient
44, 2, 1.3913917912317306, 13, 50.5
45, 4, 1.3913917912317306, 13, 30.899999618530273
46, 4, 1.3913917912317306, 13, 11.600000381469727
switching patient
47, 2, 0.8638961774324003, 4, -205.10000610351562
switching patient
48, 4, 0.5833925988244875, 19, -88.19999694824219
49, 5, 0.8833925988244875, 19, 123.69999694824219
50, 4, 0.8833925988244875, 19, 144.5
51, 6, 0.5833925988244875, 24, -122.0
switching patient
52, 4, 0.8306466822774823, 34, -253.5
53, 3, 0.5306466822774822, 34, -368.8999938964844
switching patient
54, 2, 0.9861317922286259, 24, 60.5
switching patient
55, 1, 1.2355546231804964, 34, -24.5
56, 5, 1.5355546231804964, 34, -7.900000095367432
57, 0, 1.2355546231804964, 29, -14.100000381469727
switching patient
58, 5, 1.8481610821210948, 32, -84.0
59, 7, 1.8481610821210948, 37, -90.0
switching patient
60, 8, 1.7759892458259967, 15, 12.5
61, 5, 2.0759892458259968, 15, -29.5
switching patient
62, 1, 1.1638961774324004, 4, -193.60000610351562
switching patient
63, 2, 1.1833925988244876, 24, 28.5
64, 4, 1.1833925988244876, 24, -6.099999904632568
65, 7, 1.1833925988244876, 29, 62.5
switching patient
66, 5, 1.7416706446742722, 46, 86.0999984741211
67, 4, 1.7416706446742722, 46, 51.0
68, 2, 2.041670644674272, 41, 28.600000381469727
69, 1, 2.041670644674272, 36, 14.5
switching patient
70, 4, 2.0695610059592404, 33, -282.0
switching patient
71, 8, 1.1306466822774823, 44, -156.39999389648438
72, 3, 0.8306466822774823, 44, -239.3000030517578
73, 5, 1.1306466822774823, 44, -166.0
74, 0, 0.8306466822774823, 39, -307.8999938964844
switching patient
75, 2, 1.612539483330272, 20, 28.5
76, 5, 1.912539483330272, 20, -33.5
77, 5, 2.212539483330272, 20, -122.0
78, 7, 2.212539483330272, 25, -103.5
switching patient
79, 5, 1.740637922273996, 19, -47.5
80, 5, 2.040637922273996, 19, -127.5
81, 7, 2.040637922273996, 24, -101.5
82, 3, 1.740637922273996, 24, -1.5
switching patient
83, 5, 2.8125394833302715, 30, -306.0
switching patient
84, 0, 1.8481610821210948, 37, -88.0
85, 0, 1.5481610821210947, 32, -2.5999999046325684
86, 4, 1.5481610821210947, 32, 16.5
switching patient
87, 7, 1.4638961774324004, 14, -249.39999389648438
switching patient
88, 8, 1.0651558538838153, 16, 83.4000015258789
switching patient
89, 6, 1.0511388318710044, 39, -7.5
90, 4, 1.0511388318710044, 39, -15.5
91, 4, 1.0511388318710044, 39, -7.5
switching patient
92, 8, 1.8998569243569425, 45, -150.5
93, 5, 2.1998569243569426, 45, -294.0
94, 4, 2.1998569243569426, 45, -271.5
switching patient
95, 4, 1.286131792228626, 29, -17.5
switching patient
96, 8, 1.3163155882685451, 32, -18.0
97, 4, 1.3163155882685451, 32, -7.599999904632568
98, 6, 1.016315588268545, 37, -113.30000305175781
99, 7, 1.016315588268545, 42, -109.80000305175781
switching patient
100, 4, 2.013132892430673, 22, -72.5999984741211
switching patient
101, 4, 2.111489620575059, 44, 46.900001525878906
102, 4, 2.111489620575059, 44, 46.900001525878906
103, 7, 2.111489620575059, 49, 40.5
104, 3, 1.811489620575059, 49, 114.5999984741211
switching patient
105, 2, 2.340637922273996, 24, -218.5
106, 7, 2.340637922273996, 29, -218.0
107, 0, 2.040637922273996, 24, -103.5
switching patient
108, 4, 1.1384632815135383, 21, 40.5
switching patient
109, 8, 1.4306466822774824, 49, -134.3000030517578
switching patient
110, 4, 0.9464358539349582, 17, 0.4000000059604645
111, 4, 0.9464358539349582, 17, 7.5
switching patient
112, 4, 1.4384632815135383, 26, 2.5
113, 6, 1.1384632815135383, 31, 48.20000076293945
switching patient
114, 1, 0.6521626864723968, 5, -172.6999969482422
115, 7, 0.6521626864723968, 10, -197.5
116, 0, 0.35216268647239685, 5, -205.10000610351562
117, 6, 0.05216268647239686, 10, -395.3999938964844
switching patient
118, 3, 1.167012450856917, 35, -107.5
119, 4, 1.167012450856917, 35, -87.5
120, 8, 1.4670124508569171, 40, -298.0
switching patient
121, 4, 1.3511388318710045, 44, -79.5
122, 4, 1.3511388318710045, 44, -87.5
123, 7, 1.3511388318710045, 49, -87.5
124, 7, 1.3511388318710045, 50, -57.5
switching patient
125, 4, 1.4384632815135383, 36, -8.5
126, 1, 1.4384632815135383, 31, 12.5
127, 5, 1.7384632815135383, 31, -75.5
128, 5, 2.0384632815135384, 31, -210.0
129, 5, 2.338463281513538, 31, -279.5
130, 5, 2.638463281513538, 31, -290.5
switching patient
131, 4, 2.313132892430673, 27, 14.800000190734863
132, 6, 2.013132892430673, 32, -32.20000076293945
switching patient
133, 4, 1.4833925988244876, 34, 28.5
134, 3, 1.1833925988244876, 34, 58.5
switching patient
135, 3, 1.0651558538838153, 21, 100.30000305175781
136, 3, 0.7651558538838152, 21, -101.19999694824219
switching patient
137, 6, 0.9756635787409218, 38, -180.39999389648438
138, 1, 0.9756635787409218, 33, -234.8000030517578
139, 8, 1.2756635787409218, 38, -125.0
140, 7, 1.2756635787409218, 43, -125.5999984741211
switching patient
141, 4, 2.508411050630587, 30, -262.5
142, 4, 2.508411050630587, 30, -252.5
143, 3, 2.208411050630587, 30, -297.5
switching patient
144, 4, 2.3695610059592402, 38, -244.0
145, 6, 2.0695610059592404, 43, -268.0
switching patient
146, 5, 0.8144839880395749, 33, -92.5999984741211
147, 3, 0.5144839880395748, 33, -219.10000610351562
148, 2, 0.8144839880395749, 28, -90.5
149, 4, 0.8144839880395749, 28, -112.80000305175781
New Experiment - Num episodes: 150
iteration, action, basal, carb, reward
0, 6, 0.8599386331773791, 37, -156.5
switching patient
1, 6, 1.4765336424148392, 33, -81.69999694824219
2, 3, 1.1765336424148392, 33, -156.1999969482422
3, 7, 1.1765336424148392, 38, -157.60000610351562
4, 4, 1.1765336424148392, 38, -151.8000030517578
5, 6, 0.8765336424148391, 43, -268.8999938964844
6, 3, 0.5765336424148391, 43, -364.0
switching patient
7, 6, 0.5765336424148391, 50, -376.20001220703125
8, 3, 0.2765336424148391, 50, -384.20001220703125
switching patient
9, 5, 0.7620242161645512, 23, 36.5
switching patient
10, 6, 1.7409888863798886, 39, -105.69999694824219
switching patient
11, 7, 2.1972598126254885, 50, -146.0
12, 8, 2.4972598126254884, 50, -305.5
switching patient
13, 3, 1.3020427560637946, 31, 38.5
switching patient
14, 2, 1.2, 9, -78.0
15, 1, 1.2, 4, -210.5
16, 4, 1.2, 4, -157.5
17, 7, 1.2, 9, -69.5
switching patient
18, 8, 1.758549665586354, 40, 25.899999618530273
19, 0, 1.458549665586354, 35, 112.5
switching patient
20, 8, 2.2511842670666953, 41, 6.099999904632568
switching patient
21, 0, 1.1701608049482748, 10, 132.8000030517578
22, 0, 0.8701608049482747, 5, 99.80000305175781
switching patient
23, 5, 1.2503596674379533, 32, -23.200000762939453
24, 3, 0.9503596674379533, 32, -69.80000305175781
25, 0, 0.6503596674379533, 27, -154.60000610351562
26, 7, 0.6503596674379533, 32, -155.60000610351562
27, 0, 0.35035966743795327, 27, -347.29998779296875
28, 1, 0.35035966743795327, 22, -301.29998779296875
switching patient
29, 7, 0.7107451677093091, 21, -1.100000023841858
switching patient
30, 8, 0.8999999999999999, 38, -16.299999237060547
31, 0, 0.5999999999999999, 33, -88.0
32, 5, 0.8999999999999999, 33, 50.0
33, 1, 0.8999999999999999, 28, 65.5999984741211
34, 8, 1.2, 33, 13.699999809265137
35, 5, 1.5, 33, -23.5
36, 4, 1.5, 33, -5.5
37, 7, 1.5, 38, -7.5
38, 0, 1.2, 33, 48.5
39, 5, 1.5, 33, -14.0
switching patient
40, 2, 2.1, 33, -269.5
41, 5, 2.4, 33, -266.0
switching patient
42, 4, 0.7982016176242221, 29, -203.10000610351562
43, 8, 1.0982016176242222, 34, -190.0
44, 5, 1.3982016176242222, 34, -125.4000015258789
switching patient
45, 1, 0.7382049406353219, 30, -106.4000015258789
46, 4, 0.7382049406353219, 30, -106.4000015258789
47, 5, 1.038204940635322, 30, -57.0
48, 1, 1.038204940635322, 25, 19.700000762939453
switching patient
49, 5, 0.7920691719500181, 16, 75.5999984741211
50, 4, 0.7920691719500181, 16, 47.0
switching patient
51, 4, 1.8996933982650221, 10, -73.5
52, 2, 2.199693398265022, 5, -260.5
53, 3, 1.8996933982650221, 5, -122.0
54, 0, 1.599693398265022, 5, -94.0
switching patient
55, 4, 0.7044498644261203, 23, -92.19999694824219
switching patient
56, 5, 0.818250430303171, 15, -129.8000030517578
switching patient
57, 0, 0.8599386331773791, 37, -108.19999694824219
58, 2, 1.159938633177379, 32, -106.4000015258789
59, 2, 1.4599386331773792, 27, -102.5
60, 5, 1.7599386331773792, 27, 86.80000305175781
switching patient
61, 5, 1.1928115096688463, 33, 24.5
switching patient
62, 2, 1.3620242161645513, 23, -216.0
63, 8, 1.6620242161645513, 28, -302.5
64, 1, 1.6620242161645513, 23, -292.5
65, 5, 1.9620242161645514, 23, -391.0
66, 5, 2.2620242161645514, 23, -423.0
67, 8, 2.5620242161645512, 28, -460.0
switching patient
68, 8, 2.359938633177379, 37, 31.5
69, 8, 2.659938633177379, 42, -13.800000190734863
switching patient
70, 0, 0.8955248585166007, 22, 62.599998474121094
71, 5, 1.1955248585166007, 22, -7.300000190734863
72, 5, 1.4955248585166008, 22, 28.200000762939453
switching patient
73, 2, 2.199693398265022, 5, -199.0
switching patient
74, 6, 1.201368177058328, 37, -133.39999389648438
75, 7, 1.201368177058328, 42, -128.6999969482422
76, 0, 0.901368177058328, 37, -175.0
77, 5, 1.201368177058328, 37, -114.80000305175781
switching patient
78, 6, 0.6660368144830566, 33, -141.3000030517578
79, 8, 0.9660368144830567, 38, -88.19999694824219
switching patient
80, 5, 1.6206952496526015, 40, -17.299999237060547
81, 5, 1.9206952496526015, 40, -21.5
82, 5, 2.2206952496526013, 40, -111.5
83, 5, 2.520695249652601, 40, -258.0
84, 2, 2.820695249652601, 35, -236.0
85, 5, 3.120695249652601, 35, -318.5
86, 2, 3.4206952496526006, 30, -387.5
87, 2, 3.7206952496526005, 25, -357.5
switching patient
88, 0, 2.4, 33, -234.5
89, 8, 2.6999999999999997, 38, -371.5
90, 4, 2.6999999999999997, 38, -318.0
91, 2, 2.9999999999999996, 33, -376.5
switching patient
92, 6, 0.9067362708108488, 21, -218.0
93, 5, 1.2067362708108489, 21, -136.6999969482422
switching patient
94, 6, 2.9999999999999996, 43, -380.5
95, 3, 2.6999999999999997, 43, -331.0
switching patient
96, 1, 2.368011549998081, 5, -387.0
97, 8, 2.6680115499980808, 10, -305.5
switching patient
98, 8, 2.0962185532904365, 32, -373.0
99, 5, 2.3962185532904363, 32, -414.5
100, 0, 2.0962185532904365, 27, -397.5
switching patient
101, 6, 0.29759417330048216, 25, -265.20001220703125
switching patient
102, 5, 0.8609321821414362, 34, 23.5
103, 2, 1.1609321821414362, 29, 14.300000190734863
104, 5, 1.4609321821414363, 29, -45.5
105, 5, 1.7609321821414363, 29, -163.0
106, 0, 1.4609321821414363, 24, -27.5
107, 1, 1.4609321821414363, 19, -53.5
108, 5, 1.7609321821414363, 19, -183.0
109, 8, 2.0609321821414364, 24, -322.0
110, 8, 2.360932182141436, 29, -327.5
111, 8, 2.660932182141436, 34, -341.0
switching patient
112, 2, 1.5680484567281143, 19, -164.0
113, 8, 1.8680484567281144, 24, -275.0
switching patient
114, 5, 0.7870331131738539, 18, 44.400001525878906
115, 7, 0.7870331131738539, 23, -15.399999618530273
116, 8, 1.087033113173854, 28, 62.5
117, 5, 1.387033113173854, 28, 12.600000381469727
switching patient
118, 7, 1.0920691719500182, 26, 32.29999923706055
119, 5, 1.3920691719500182, 26, 54.5
switching patient
120, 5, 1.9982016176242223, 39, -111.5999984741211
switching patient
121, 8, 1.5660368144830568, 48, 46.5
122, 5, 1.8660368144830568, 48, 30.5
123, 2, 2.1660368144830566, 43, -89.5
switching patient
124, 8, 1.3107451677093092, 31, 18.5
125, 4, 1.3107451677093092, 31, 18.5
switching patient
126, 2, 3.2680115499980804, 10, -389.5
switching patient
127, 2, 0.8412544343193211, 11, 98.5
128, 8, 1.1412544343193212, 16, 18.5
129, 2, 1.4412544343193212, 11, -47.5
switching patient
130, 8, 1.7928115096688464, 43, -80.5
switching patient
131, 8, 2.696218553290436, 37, -455.5
132, 5, 2.996218553290436, 37, -507.5
133, 8, 3.296218553290436, 42, -515.0
switching patient
134, 5, 3.162024216164551, 33, -526.5
135, 8, 3.4620242161645507, 38, -529.5
136, 1, 3.4620242161645507, 33, -529.5
137, 4, 3.4620242161645507, 33, -529.5
switching patient
138, 4, 2.168048456728114, 29, -253.0
139, 4, 2.168048456728114, 29, -268.5
140, 6, 1.8680484567281141, 34, -261.5
switching patient
141, 5, 1.9416551762012682, 35, -277.5
142, 8, 2.241655176201268, 40, -374.0
143, 8, 2.541655176201268, 45, -391.0
switching patient
144, 5, 0.8999999999999999, 18, -80.80000305175781
switching patient
145, 8, 2.0955248585166006, 32, -63.5
146, 8, 2.3955248585166005, 37, -176.0
147, 8, 2.6955248585166003, 42, -292.5
switching patient
148, 7, 1.6920691719500183, 36, 18.5
149, 5, 1.9920691719500183, 36, -93.5
