New Experiment - Num episodes: 150
iteration, action, basal, carb, reward
0, 0, 0.5144839880395748, 23, -188.89999389648438
1, 4, 0.5144839880395748, 23, -198.10000610351562
2, 6, 0.21448398803957486, 28, -376.0
switching patient
3, 6, 0.18524788403375786, 35, -348.0
switching patient
4, 6, 0.35331015078243105, 33, -404.8999938964844
5, 0, 0.053310150782431065, 28, -411.0
6, 4, 0.053310150782431065, 28, -406.0
7, 2, 0.35331015078243105, 23, -378.5
8, 7, 0.35331015078243105, 28, -349.70001220703125
switching patient
9, 6, 0.9560830769352904, 35, -109.80000305175781
10, 3, 0.6560830769352903, 35, -174.1999969482422
11, 5, 0.9560830769352904, 35, -78.30000305175781
switching patient
12, 5, 0.8624484177072154, 28, -28.899999618530273
13, 6, 0.5624484177072153, 33, -72.5999984741211
14, 8, 0.8624484177072154, 38, 50.29999923706055
15, 0, 0.5624484177072153, 33, -67.4000015258789
16, 6, 0.26244841770721533, 38, -183.1999969482422
17, 2, 0.5624484177072153, 33, -102.5
18, 4, 0.5624484177072153, 33, -67.4000015258789
19, 3, 0.26244841770721533, 33, -257.3999938964844
20, 6, 0.3, 38, -252.60000610351562
21, 1, 0.3, 33, -186.0
switching patient
22, 1, 0.43837029132891947, 20, -135.10000610351562
23, 6, 0.13837029132891948, 25, -366.79998779296875
24, 8, 0.43837029132891947, 30, -157.3000030517578
25, 4, 0.43837029132891947, 30, -162.6999969482422
26, 5, 0.7383702913289194, 30, 15.600000381469727
switching patient
27, 1, 1.7062412774492108, 15, 8.5
28, 7, 1.7062412774492108, 20, -0.699999988079071
switching patient
29, 1, 1.4609903295210958, 15, 83.4000015258789
30, 0, 1.1609903295210957, 10, -90.80000305175781
switching patient
31, 7, 0.5874049540043225, 34, -89.0999984741211
switching patient
32, 0, 0.5813640255298944, 13, -145.39999389648438
33, 0, 0.2813640255298944, 8, -182.1999969482422
switching patient
34, 8, 1.2998569243569424, 35, 14.5
switching patient
35, 0, 1.413132892430673, 17, -121.0999984741211
36, 8, 1.713132892430673, 22, -77.80000305175781
37, 3, 1.413132892430673, 22, -130.0
switching patient
38, 0, 1.167012450856917, 30, -91.5
switching patient
39, 2, 1.337839689190497, 21, 38.5
switching patient
40, 1, 1.3913917912317306, 23, 42.29999923706055
41, 0, 1.0913917912317306, 18, 108.0999984741211
42, 0, 0.7913917912317305, 13, -123.30000305175781
switching patient
43, 0, 0.716315588268545, 22, -163.5
switching patient
44, 0, 0.5638961774324003, 19, -398.20001220703125
switching patient
45, 0, 1.4242816454389777, 14, -153.5
46, 4, 1.4242816454389777, 14, -139.0
47, 1, 1.4242816454389777, 9, -193.5
switching patient
48, 3, 1.2114896205750592, 34, -86.9000015258789
49, 1, 1.2114896205750592, 29, -70.0
switching patient
50, 0, 0.8558646074422103, 16, 98.5
51, 0, 0.5558646074422102, 11, 95.0999984741211
52, 6, 0.25586460744221023, 16, -188.1999969482422
53, 0, 0.3, 11, -131.5
54, 0, 0.3, 6, -62.20000076293945
55, 1, 0.3, 1, -308.0
switching patient
56, 7, 0.8874049540043225, 44, 11.300000190734863
57, 6, 0.5874049540043225, 49, -86.5999984741211
58, 0, 0.2874049540043225, 44, -284.0
switching patient
59, 0, 0.9521626864723969, 12, -183.89999389648438
60, 0, 0.6521626864723968, 7, -193.5
switching patient
61, 7, 1.4609903295210958, 20, -15.399999618530273
switching patient
62, 8, 1.2837982580679808, 26, -8.899999618530273
63, 0, 0.9837982580679807, 21, 122.5
64, 0, 0.6837982580679807, 16, -28.399999618530273
65, 6, 0.3837982580679807, 21, -182.39999389648438
66, 2, 0.6837982580679807, 16, -38.79999923706055
67, 0, 0.3837982580679807, 11, -152.8000030517578
68, 0, 0.08379825806798069, 6, -190.10000610351562
switching patient
69, 1, 1.713132892430673, 22, -68.5999984741211
switching patient
70, 7, 1.7416706446742722, 36, -11.300000190734863
71, 6, 1.4416706446742722, 41, -46.20000076293945
72, 3, 1.1416706446742722, 41, -59.599998474121094
switching patient
73, 0, 0.41178599136998645, 11, -162.6999969482422
74, 0, 0.11178599136998646, 6, -163.3000030517578
switching patient
75, 1, 1.1384632815135383, 26, 74.0
76, 1, 1.1384632815135383, 21, 40.5
77, 4, 1.1384632815135383, 21, 58.5
78, 0, 0.8384632815135382, 16, 80.5
switching patient
79, 0, 0.6521626864723968, 7, -190.89999389648438
80, 2, 0.9521626864723969, 2, 7.699999809265137
81, 4, 0.9521626864723969, 2, 24.700000762939453
switching patient
82, 5, 0.8813640255298945, 13, -81.69999694824219
83, 7, 0.8813640255298945, 18, -114.19999694824219
switching patient
84, 0, 0.9521626864723969, 2, -46.099998474121094
85, 0, 0.6521626864723968, 5, -170.3000030517578
86, 4, 0.6521626864723968, 5, -174.5
87, 7, 0.6521626864723968, 10, -204.89999389648438
88, 1, 0.6521626864723968, 5, -177.5
89, 0, 0.35216268647239685, 5, -199.89999389648438
switching patient
90, 1, 1.6255820665466094, 24, -76.5
91, 0, 1.3255820665466094, 19, -119.0
92, 0, 1.0255820665466093, 14, -170.6999969482422
93, 0, 0.7255820665466093, 9, -198.39999389648438
94, 2, 1.0255820665466093, 4, -60.900001525878906
switching patient
95, 8, 2.0759892458259968, 25, -27.5
96, 0, 1.7759892458259967, 20, 34.5
97, 0, 1.4759892458259967, 15, 88.5
98, 0, 1.1759892458259966, 10, 144.5
99, 5, 1.4759892458259967, 10, -15.5
100, 0, 1.1759892458259966, 5, 16.5
switching patient
101, 1, 1.0671937644146172, 12, -149.6999969482422
102, 0, 0.7671937644146172, 7, -165.10000610351562
103, 0, 0.4671937644146172, 2, -48.5
switching patient
104, 8, 1.6255820665466094, 14, -72.5999984741211
105, 0, 1.3255820665466094, 9, -107.69999694824219
106, 6, 1.0255820665466093, 14, -169.3000030517578
switching patient
107, 2, 1.1638961774324004, 19, -276.3999938964844
108, 0, 0.8638961774324003, 14, -377.5
109, 8, 1.1638961774324004, 19, -248.8000030517578
110, 7, 1.1638961774324004, 24, -301.79998779296875
111, 0, 0.8638961774324003, 19, -289.5
112, 0, 0.5638961774324003, 14, -358.3999938964844
113, 1, 0.5638961774324003, 9, -385.3999938964844
114, 0, 0.2638961774324003, 4, -321.29998779296875
switching patient
115, 0, 0.6464358539349582, 12, 41.29999923706055
switching patient
116, 2, 0.8690936540144691, 12, 122.9000015258789
117, 0, 0.5690936540144691, 7, 38.599998474121094
118, 0, 0.2690936540144691, 2, -142.39999389648438
switching patient
119, 0, 0.11178599136998646, 6, -116.5
120, 5, 0.41178599136998645, 6, -12.800000190734863
121, 7, 0.41178599136998645, 11, -163.6999969482422
122, 0, 0.11178599136998646, 6, -110.80000305175781
switching patient
123, 0, 0.2874049540043225, 44, -293.20001220703125
switching patient
124, 7, 1.6651558538838154, 26, 22.5
125, 0, 1.3651558538838153, 21, 40.5
126, 0, 1.0651558538838153, 16, 108.0999984741211
127, 0, 0.7651558538838152, 11, -70.0
128, 0, 0.46515585388381525, 6, -131.10000610351562
switching patient
129, 7, 1.1813640255298945, 28, 60.0
130, 4, 1.1813640255298945, 28, 115.9000015258789
131, 0, 0.8813640255298945, 23, -68.4000015258789
132, 2, 1.1813640255298945, 18, 144.5
switching patient
133, 0, 1.713132892430673, 22, -117.5
134, 1, 1.713132892430673, 17, -101.19999694824219
switching patient
135, 0, 0.4511388318710044, 29, -103.80000305175781
136, 0, 0.1511388318710044, 24, -211.8000030517578
137, 8, 0.4511388318710044, 29, -75.19999694824219
switching patient
138, 2, 1.254569346872653, 12, -7.5
switching patient
139, 0, 1.337839689190497, 21, 48.5
140, 0, 1.0378396891904969, 16, 121.69999694824219
141, 0, 0.7378396891904968, 11, 74.30000305175781
142, 7, 0.7378396891904968, 16, -63.5
143, 0, 0.4378396891904968, 11, -150.3000030517578
144, 5, 0.7378396891904968, 11, 79.5
switching patient
145, 2, 1.3383702913289195, 30, 26.5
switching patient
146, 8, 0.9037693781785103, 25, 28.0
147, 6, 0.6037693781785103, 30, -115.5
switching patient
148, 5, 1.440637922273996, 19, -5.5
149, 0, 1.140637922273996, 14, 10.5
New Experiment - Num episodes: 150
iteration, action, basal, carb, reward
switching patient
0, 8, 0.733683283802887, 27, -53.5
1, 2, 1.033683283802887, 22, 5.900000095367432
2, 0, 0.733683283802887, 17, -37.20000076293945
switching patient
3, 7, 1.6511842670666952, 26, -95.4000015258789
4, 3, 1.3511842670666951, 26, -139.39999389648438
5, 7, 1.3511842670666951, 31, -131.5
6, 5, 1.6511842670666952, 31, -79.9000015258789
switching patient
7, 0, 1.0206952496526014, 35, -23.200000762939453
switching patient
8, 0, 1.026239133185376, 13, -166.0
9, 3, 0.7262391331853759, 13, -216.3000030517578
10, 0, 0.42623913318537593, 8, -232.8000030517578
11, 4, 0.42623913318537593, 8, -247.1999969482422
12, 5, 0.7262391331853759, 8, -190.3000030517578
13, 0, 0.42623913318537593, 3, -46.099998474121094
14, 1, 0.42623913318537593, 5, -186.1999969482422
15, 6, 0.12623913318537594, 10, -393.1000061035156
switching patient
16, 5, 0.7015179027988905, 28, -161.5
switching patient
17, 6, 0.13159406046829175, 23, -357.3999938964844
18, 0, 0.3, 18, -170.10000610351562
19, 7, 0.3, 23, -208.89999389648438
20, 4, 0.3, 23, -185.89999389648438
21, 0, 0.3, 18, -170.6999969482422
switching patient
22, 4, 0.6067362708108488, 16, -196.39999389648438
23, 2, 0.9067362708108488, 11, -169.0
switching patient
24, 6, 0.3, 28, -233.6999969482422
switching patient
25, 8, 1.8960181141395125, 24, -25.5
switching patient
26, 0, 0.5945631918936982, 25, -217.1999969482422
switching patient
27, 0, 0.8416787912826336, 30, -27.100000381469727
28, 8, 1.1416787912826336, 35, 33.900001525878906
29, 0, 0.8416787912826336, 30, 37.900001525878906
switching patient
30, 0, 0.5680115499980809, 18, -112.9000015258789
31, 8, 0.868011549998081, 23, 108.0999984741211
32, 5, 1.168011549998081, 23, 38.5
33, 4, 1.168011549998081, 23, 56.5
34, 1, 1.168011549998081, 18, 6.5
35, 2, 1.468011549998081, 13, -37.5
36, 2, 1.768011549998081, 8, -194.0
37, 0, 1.468011549998081, 3, -248.0
38, 4, 1.468011549998081, 3, -280.5
39, 4, 1.468011549998081, 3, -269.5
40, 8, 1.768011549998081, 8, -162.0
41, 2, 2.068011549998081, 3, -334.0
switching patient
42, 4, 0.636983435892482, 24, 40.5
43, 4, 0.636983435892482, 24, 61.29999923706055
44, 2, 0.936983435892482, 19, 26.399999618530273
45, 4, 0.936983435892482, 19, -35.20000076293945
46, 5, 1.236983435892482, 19, 2.5
47, 3, 0.936983435892482, 19, 32.099998474121094
48, 0, 0.636983435892482, 14, 106.0999984741211
49, 6, 0.336983435892482, 19, -134.39999389648438
50, 4, 0.336983435892482, 19, -137.60000610351562
switching patient
51, 5, 1.2012894496174469, 34, -88.19999694824219
52, 6, 0.9012894496174468, 39, -137.1999969482422
53, 0, 0.6012894496174468, 34, -266.5
switching patient
54, 0, 0.6503596674379533, 27, -155.0
switching patient
55, 0, 0.36603681448305664, 23, -230.39999389648438
56, 8, 0.6660368144830566, 28, -141.3000030517578
57, 0, 0.36603681448305664, 23, -220.1999969482422
58, 2, 0.6660368144830566, 18, -131.89999389648438
59, 1, 0.6660368144830566, 13, -128.5
switching patient
60, 1, 1.6941459159965768, 28, -91.30000305175781
61, 8, 1.9941459159965769, 33, -25.799999237060547
62, 6, 1.6941459159965768, 38, -91.5
63, 8, 1.9941459159965769, 43, 5.400000095367432
64, 4, 1.9941459159965769, 43, -77.80000305175781
65, 5, 2.2941459159965767, 43, 103.69999694824219
66, 0, 1.9941459159965766, 38, -16.700000762939453
switching patient
67, 0, 0.49820161762422216, 24, -333.3999938964844
switching patient
68, 1, 1.3020427560637946, 26, 38.5
switching patient
69, 0, 0.9067362708108488, 11, -164.8000030517578
switching patient
70, 0, 0.5059615615849722, 14, -76.5
71, 3, 0.2059615615849722, 14, -215.5
72, 7, 0.2059615615849722, 19, -230.10000610351562
73, 8, 0.5059615615849722, 24, -104.0
74, 7, 0.5059615615849722, 29, -106.5999984741211
75, 0, 0.2059615615849722, 24, -283.1000061035156
76, 0, 0.3, 19, -188.3000030517578
77, 7, 0.3, 24, -206.6999969482422
switching patient
78, 7, 1.0015179027988905, 38, -114.9000015258789
79, 0, 0.7015179027988905, 33, -143.89999389648438
80, 0, 0.4015179027988905, 28, -348.70001220703125
81, 0, 0.1015179027988905, 23, -371.3999938964844
82, 2, 0.4015179027988905, 18, -242.5
83, 4, 0.4015179027988905, 18, -232.10000610351562
84, 0, 0.1015179027988905, 13, -352.3999938964844
switching patient
85, 1, 2.2941459159965767, 38, 144.5
86, 7, 2.2941459159965767, 43, -80.30000305175781
switching patient
87, 0, 2.2941459159965767, 43, -122.5
switching patient
88, 4, 1.5972598126254884, 35, 22.5
switching patient
89, 0, 0.843790037780719, 21, -387.8999938964844
switching patient
90, 1, 0.901368177058328, 22, -211.60000610351562
91, 8, 1.201368177058328, 27, -126.5999984741211
switching patient
92, 1, 1.599693398265022, 10, 2.5
switching patient
93, 1, 0.7044498644261203, 23, -90.0
94, 0, 0.40444986442612035, 18, -191.1999969482422
switching patient
95, 7, 0.8928115096688463, 23, -18.100000381469727
96, 5, 1.1928115096688463, 23, -18.299999237060547
97, 4, 1.1928115096688463, 23, 5.400000095367432
98, 6, 0.8928115096688463, 28, 51.599998474121094
99, 8, 1.1928115096688463, 33, 11.199999809265137
100, 0, 0.8928115096688463, 28, 45.099998474121094
101, 8, 1.1928115096688463, 33, 38.5
102, 7, 1.1928115096688463, 38, 12.199999809265137
103, 0, 0.8928115096688463, 33, 4.800000190734863
104, 0, 0.5928115096688462, 28, -51.79999923706055
switching patient
105, 0, 1.0872790165905672, 12, 6.5
106, 5, 1.3872790165905673, 12, -45.5
107, 5, 1.6872790165905673, 12, -152.5
switching patient
108, 4, 1.9872790165905674, 17, -283.5
109, 0, 1.6872790165905673, 12, -156.0
switching patient
110, 8, 1.4437900377807191, 31, -244.10000610351562
switching patient
111, 4, 1.8972598126254885, 40, -37.5
switching patient
112, 0, 0.29759417330048216, 15, -223.60000610351562
switching patient
113, 0, 0.336983435892482, 19, -136.60000610351562
114, 1, 0.336983435892482, 14, -132.1999969482422
115, 0, 0.036983435892481986, 9, -191.89999389648438
116, 0, 0.3, 4, -29.399999618530273
117, 8, 0.6, 9, 70.0
switching patient
118, 8, 1.7765336424148392, 28, -84.30000305175781
119, 0, 1.4765336424148392, 23, -89.9000015258789
switching patient
120, 5, 0.7015179027988905, 18, -137.89999389648438
121, 0, 0.4015179027988905, 13, -200.5
122, 6, 0.1015179027988905, 18, -348.79998779296875
switching patient
123, 3, 0.6660368144830566, 18, -129.5
124, 1, 0.6660368144830566, 13, -128.5
125, 6, 0.36603681448305664, 18, -197.8000030517578
126, 8, 0.6660368144830566, 23, -134.89999389648438
switching patient
127, 0, 2.068011549998081, 3, -360.5
128, 1, 2.068011549998081, 5, -285.0
switching patient
129, 0, 0.7107451677093091, 16, 89.9000015258789
130, 0, 0.4107451677093091, 11, -111.5999984741211
switching patient
131, 0, 0.6012894496174468, 34, -295.29998779296875
switching patient
132, 5, 2.0409888863798886, 34, -77.80000305175781
133, 0, 1.7409888863798886, 29, -85.5999984741211
switching patient
134, 0, 0.1015179027988905, 18, -390.3999938964844
135, 4, 0.1015179027988905, 18, -374.3999938964844
136, 0, 0.3, 13, -238.39999389648438
switching patient
137, 1, 1.8996933982650221, 10, -35.5
138, 0, 1.599693398265022, 5, -79.0
switching patient
139, 7, 2.5941459159965765, 50, 0.800000011920929
140, 8, 2.8941459159965763, 50, 96.5
141, 4, 2.8941459159965763, 50, 102.5
switching patient
142, 5, 1.387033113173854, 33, 11.399999618530273
143, 0, 1.087033113173854, 28, 25.799999237060547
144, 0, 0.7870331131738539, 23, 8.0
145, 0, 0.48703311317385395, 18, -127.80000305175781
146, 0, 0.18703311317385396, 13, -204.60000610351562
147, 4, 0.18703311317385396, 13, -214.0
switching patient
148, 0, 0.8599386331773791, 27, -109.0
switching patient
149, 0, 1.4437900377807191, 31, -270.1000061035156
